Sites	is.complete	is.constant	lnL
[0]	1	1	-1.47346
[1]	1	1	-1.76207
[2]	1	1	-1.45494
[3]	1	1	-1.45494
[4]	1	1	-1.57581
[5]	1	1	-1.45494
[6]	1	1	-1.45494
[7]	1	0	-7.32836
[8]	1	1	-1.45494
[9]	1	1	-1.57581
[10]	1	0	-13.6997
[11]	1	0	-5.31932
[12]	1	1	-1.57581
[13]	1	1	-1.47346
[14]	1	1	-1.45494
[15]	1	1	-1.57581
[16]	1	1	-1.57581
[17]	1	1	-1.57581
[18]	1	1	-1.57581
[19]	1	1	-1.76207
[20]	1	1	-1.45494
[21]	1	0	-9.31193
[22]	1	1	-1.57581
[23]	1	0	-6.34718
[24]	1	1	-1.57581
[25]	1	1	-1.76207
[26]	1	0	-6.36394
[27]	1	1	-1.57581
[28]	1	1	-1.47346
[29]	1	0	-5.65214
[30]	1	1	-1.57581
[31]	1	1	-1.76207
[32]	1	1	-1.45494
[33]	1	1	-1.45494
[34]	1	1	-1.47346
[35]	1	0	-5.28845
[36]	1	1	-1.57581
[37]	1	1	-1.47346
[38]	1	0	-9.17652
[39]	1	1	-1.76207
[40]	1	1	-1.76207
[41]	1	1	-1.45494
[42]	1	1	-1.76207
[43]	1	1	-1.76207
[44]	1	1	-1.45494
[45]	1	1	-1.47346
[46]	1	1	-1.47346
[47]	1	0	-7.36055
[48]	1	1	-1.57581
[49]	1	1	-1.57581
[50]	1	1	-1.45494
[51]	1	1	-1.57581
[52]	1	1	-1.45494
[53]	1	1	-1.47346
[54]	1	1	-1.57581
[55]	1	1	-1.57581
[56]	1	0	-19.9069
[57]	1	1	-1.47346
[58]	1	1	-1.45494
[59]	1	0	-11.0022
[60]	1	1	-1.45494
[61]	1	1	-1.47346
[62]	1	1	-1.45494
[63]	1	1	-1.45494
[64]	1	0	-9.15145
[65]	1	1	-1.45494
[66]	1	1	-1.45494
[67]	1	1	-1.47346
[68]	1	0	-7.45886
[69]	1	1	-1.57581
[70]	1	1	-1.57581
[71]	1	0	-14.0617
[72]	1	1	-1.45494
[73]	1	1	-1.47346
[74]	1	0	-14.5204
[75]	1	1	-1.45494
[76]	1	1	-1.57581
[77]	1	1	-1.45494
[78]	1	1	-1.45494
[79]	1	1	-1.47346
[80]	1	1	-1.57581
[81]	1	1	-1.57581
[82]	1	0	-7.36055
[83]	1	1	-1.57581
[84]	1	1	-1.45494
[85]	1	1	-1.47346
[86]	1	1	-1.45494
[87]	1	1	-1.45494
[88]	1	1	-1.47346
[89]	1	0	-7.03536
[90]	1	1	-1.45494
[91]	1	1	-1.57581
[92]	1	0	-7.27596
[93]	1	1	-1.47346
[94]	1	1	-1.57581
[95]	1	1	-1.76207
[96]	1	1	-1.45494
[97]	1	1	-1.57581
[98]	1	1	-1.76207
[99]	1	1	-1.45494
[100]	1	1	-1.57581
[101]	1	1	-1.57581
[102]	1	1	-1.47346
[103]	1	1	-1.45494
[104]	1	0	-7.37282
[105]	1	1	-1.45494
[106]	1	1	-1.76207
[107]	1	0	-12.2283
[108]	1	1	-1.47346
[109]	1	1	-1.76207
[110]	1	1	-1.76207
[111]	1	1	-1.45494
[112]	1	1	-1.47346
[113]	1	1	-1.57581
[114]	1	1	-1.47346
[115]	1	0	-5.31932
[116]	1	1	-1.45494
[117]	1	1	-1.76207
[118]	1	1	-1.76207
[119]	1	1	-1.76207
[120]	1	1	-1.45494
[121]	1	1	-1.47346
[122]	1	1	-1.76207
[123]	1	1	-1.45494
[124]	1	1	-1.47346
[125]	1	1	-1.47346
[126]	1	1	-1.45494
[127]	1	1	-1.45494
[128]	1	1	-1.45494
[129]	1	1	-1.45494
[130]	1	1	-1.47346
[131]	1	0	-7.31647
[132]	1	1	-1.45494
[133]	1	1	-1.47346
[134]	1	1	-1.76207
[135]	1	1	-1.45494
[136]	1	1	-1.45494
[137]	1	1	-1.45494
[138]	1	1	-1.45494
[139]	1	1	-1.47346
[140]	1	1	-1.47346
[141]	1	0	-5.39294
[142]	1	1	-1.45494
[143]	1	1	-1.76207
[144]	1	1	-1.45494
[145]	1	1	-1.47346
[146]	1	1	-1.76207
[147]	1	1	-1.76207
[148]	1	1	-1.76207
[149]	1	1	-1.57581
[150]	1	1	-1.57581
[151]	1	1	-1.76207
[152]	1	1	-1.47346
[153]	1	0	-7.95846
[154]	1	0	-8.43331
[155]	1	1	-1.47346
[156]	1	1	-1.45494
[157]	1	1	-1.76207
[158]	1	1	-1.45494
[159]	1	1	-1.45494
[160]	1	1	-1.45494
[161]	1	1	-1.76207
[162]	1	1	-1.47346
[163]	1	1	-1.45494
[164]	1	1	-1.57581
[165]	1	1	-1.47346
[166]	1	1	-1.76207
[167]	1	1	-1.76207
[168]	1	1	-1.47346
[169]	1	1	-1.45494
[170]	1	1	-1.47346
[171]	1	1	-1.47346
[172]	1	1	-1.47346
[173]	1	1	-1.47346
[174]	1	0	-7.54703
[175]	1	0	-7.15727
[176]	1	1	-1.45494
[177]	1	1	-1.45494
[178]	1	1	-1.57581
[179]	1	1	-1.47346
[180]	1	1	-1.76207
[181]	1	1	-1.57581
[182]	1	1	-1.47346
[183]	1	1	-1.45494
[184]	1	0	-6.42836
[185]	1	1	-1.57581
[186]	1	1	-1.76207
[187]	1	1	-1.57581
[188]	1	1	-1.57581
[189]	1	1	-1.57581
[190]	1	1	-1.76207
[191]	1	0	-9.37888
[192]	1	1	-1.76207
[193]	1	1	-1.76207
[194]	1	1	-1.45494
[195]	1	0	-7.85977
[196]	1	1	-1.47346
[197]	1	0	-9.07007
[198]	1	1	-1.47346
[199]	1	1	-1.57581
[200]	1	0	-7.99063
[201]	1	1	-1.45494
[202]	1	1	-1.47346
[203]	1	1	-1.57581
[204]	1	1	-1.47346
[205]	1	0	-8.69879
[206]	1	1	-1.47346
[207]	1	1	-1.47346
[208]	1	1	-1.45494
[209]	1	1	-1.45494
[210]	1	1	-1.76207
[211]	1	1	-1.47346
[212]	1	1	-1.76207
[213]	1	1	-1.76207
[214]	1	0	-7.95846
[215]	1	0	-6.42836
[216]	1	1	-1.45494
[217]	1	1	-1.45494
[218]	1	1	-1.57581
[219]	1	1	-1.47346
[220]	1	0	-6.85219
[221]	1	1	-1.47346
[222]	1	1	-1.47346
[223]	1	1	-1.57581
[224]	1	1	-1.57581
[225]	1	1	-1.47346
[226]	1	1	-1.57581
[227]	1	0	-9.15145
[228]	1	0	-9.33789
[229]	1	1	-1.57581
[230]	1	1	-1.76207
[231]	1	1	-1.47346
[232]	1	1	-1.45494
[233]	1	1	-1.47346
[234]	1	1	-1.47346
[235]	1	0	-6.2717
[236]	1	1	-1.47346
[237]	1	1	-1.45494
[238]	1	1	-1.57581
[239]	1	0	-6.67627
[240]	1	1	-1.76207
[241]	1	1	-1.45494
[242]	1	1	-1.45494
[243]	1	1	-1.47346
[244]	1	0	-7.22896
[245]	1	1	-1.76207
[246]	1	1	-1.45494
[247]	1	1	-1.47346
[248]	1	1	-1.47346
[249]	1	1	-1.45494
[250]	1	1	-1.47346
[251]	1	1	-1.57581
[252]	1	1	-1.57581
[253]	1	1	-1.47346
[254]	1	0	-13.1137
[255]	1	1	-1.76207
[256]	1	1	-1.45494
[257]	1	1	-1.45494
[258]	1	1	-1.45494
[259]	1	1	-1.47346
[260]	1	0	-7.1527
[261]	1	1	-1.57581
[262]	1	1	-1.47346
[263]	1	1	-1.45494
[264]	1	1	-1.47346
[265]	1	1	-1.57581
[266]	1	1	-1.76207
[267]	1	1	-1.57581
[268]	1	1	-1.76207
[269]	1	1	-1.45494
[270]	1	1	-1.57581
[271]	1	1	-1.57581
[272]	1	1	-1.47346
[273]	1	0	-7.53341
[274]	1	1	-1.45494
[275]	1	1	-1.47346
[276]	1	1	-1.76207
[277]	1	0	-7.36055
[278]	1	0	-5.39294
[279]	1	1	-1.76207
[280]	1	1	-1.57581
[281]	1	1	-1.76207
[282]	1	1	-1.45494
[283]	1	1	-1.47346
[284]	1	0	-23.5116
[285]	1	1	-1.45494
[286]	1	1	-1.47346
[287]	1	1	-1.45494
[288]	1	1	-1.45494
[289]	1	1	-1.47346
[290]	1	1	-1.47346
[291]	1	1	-1.47346
[292]	1	1	-1.76207
[293]	1	1	-1.47346
[294]	1	0	-7.14334
[295]	1	1	-1.57581
[296]	1	1	-1.76207
[297]	1	1	-1.45494
[298]	1	1	-1.47346
[299]	1	0	-8.0466
[300]	1	1	-1.45494
[301]	1	1	-1.47346
[302]	1	1	-1.45494
[303]	1	1	-1.45494
[304]	1	1	-1.47346
[305]	1	0	-7.52096
[306]	1	1	-1.45494
[307]	1	0	-7.67947
[308]	1	0	-6.36394
[309]	1	1	-1.76207
[310]	1	0	-7.45696
[311]	1	1	-1.76207
[312]	1	1	-1.45494
[313]	1	1	-1.45494
[314]	1	1	-1.47346
[315]	1	0	-9.08869
[316]	1	1	-1.47346
[317]	1	1	-1.76207
[318]	1	1	-1.45494
[319]	1	0	-5.28845
[320]	1	1	-1.47346
[321]	1	1	-1.45494
[322]	1	0	-5.65214
[323]	1	1	-1.76207
[324]	1	1	-1.76207
[325]	1	0	-6.42836
[326]	1	0	-14.8641
[327]	1	1	-1.45494
[328]	1	1	-1.47346
[329]	1	1	-1.45494
[330]	1	1	-1.45494
[331]	1	0	-8.85597
[332]	1	1	-1.47346
[333]	1	1	-1.57581
[334]	1	1	-1.76207
[335]	1	1	-1.45494
[336]	1	1	-1.45494
[337]	1	0	-6.7731
[338]	1	1	-1.76207
[339]	1	1	-1.57581
[340]	1	1	-1.76207
[341]	1	1	-1.45494
[342]	1	1	-1.45494
[343]	1	1	-1.47346
[344]	1	1	-1.45494
[345]	1	1	-1.45494
[346]	1	1	-1.47346
[347]	1	0	-6.94482
[348]	1	0	-7.51398
[349]	1	0	-9.07451
[350]	1	1	-1.76207
[351]	1	1	-1.45494
[352]	1	1	-1.47346
[353]	1	0	-7.8016
[354]	1	1	-1.45494
[355]	1	1	-1.47346
[356]	1	0	-26.3622
[357]	1	1	-1.45494
[358]	1	1	-1.47346
[359]	1	0	-14.7969
[360]	1	1	-1.45494
[361]	1	1	-1.47346
[362]	1	0	-7.50975
[363]	1	0	-12.7301
[364]	1	0	-13.5748
[365]	1	1	-1.45494
[366]	1	0	-5.94144
[367]	1	1	-1.45494
[368]	1	0	-8.54919
[369]	1	0	-7.53341
[370]	1	1	-1.57581
[371]	1	1	-1.76207
[372]	1	1	-1.45494
[373]	1	1	-1.57581
[374]	1	1	-1.76207
[375]	1	1	-1.45494
[376]	1	1	-1.47346
[377]	1	1	-1.45494
[378]	1	0	-6.36394
[379]	1	1	-1.47346
[380]	1	1	-1.47346
[381]	1	1	-1.57581
[382]	1	1	-1.47346
[383]	1	0	-7.07291
[384]	1	1	-1.45494
[385]	1	1	-1.47346
[386]	1	1	-1.45494
[387]	1	1	-1.76207
[388]	1	0	-7.3546
[389]	1	1	-1.76207
[390]	1	0	-5.31932
[391]	1	0	-6.36394
[392]	1	0	-7.8016
[393]	1	1	-1.45494
[394]	1	0	-7.40203
[395]	1	0	-5.42796
[396]	1	1	-1.57581
[397]	1	1	-1.47346
[398]	1	0	-7.48715
[399]	1	0	-10.7865
[400]	1	1	-1.45494
[401]	1	1	-1.45494
[402]	1	1	-1.45494
[403]	1	1	-1.47346
[404]	1	0	-5.94144
[405]	0	0	-1.35299
[406]	0	0	-1.35299
[407]	0	0	-1.46175
[408]	0	0	-1.35299
[409]	0	0	-1.35299
[410]	0	0	-1.31766
[411]	1	1	-1.47346
[412]	1	1	-1.45494
[413]	1	1	-1.57581
[414]	1	1	-1.47346
[415]	1	1	-1.47346
[416]	1	1	-1.45494
[417]	1	1	-1.47346
[418]	1	1	-1.47346
[419]	1	0	-6.36394
[420]	1	1	-1.47346
[421]	1	1	-1.45494
[422]	1	1	-1.57581
[423]	1	1	-1.47346
[424]	1	1	-1.45494
[425]	1	1	-1.47346
[426]	1	0	-9.11237
[427]	1	1	-1.45494
[428]	1	1	-1.57581
[429]	1	0	-13.8658
[430]	1	0	-8.27926
[431]	1	1	-1.57581
[432]	1	1	-1.76207
[433]	1	1	-1.57581
[434]	1	1	-1.76207
[435]	1	1	-1.45494
[436]	1	1	-1.57581
[437]	1	0	-7.97997
[438]	1	1	-1.47346
[439]	1	1	-1.47346
[440]	1	0	-10.2086
[441]	1	0	-6.67627
[442]	1	1	-1.57581
[443]	1	0	-7.35244
[444]	1	1	-1.57581
[445]	1	0	-20.2325
[446]	1	0	-16.6685
[447]	1	0	-8.17721
[448]	1	1	-1.45494
[449]	1	1	-1.57581
[450]	1	1	-1.76207
[451]	1	1	-1.76207
[452]	1	1	-1.57581
[453]	1	1	-1.47346
[454]	1	1	-1.45494
[455]	1	1	-1.76207
[456]	1	1	-1.45494
[457]	1	1	-1.76207
[458]	1	1	-1.57581
[459]	1	1	-1.57581
[460]	1	1	-1.47346
[461]	1	1	-1.45494
[462]	1	1	-1.47346
[463]	1	0	-17.4258
[464]	1	0	-7.55772
[465]	1	1	-1.47346
[466]	1	1	-1.76207
[467]	1	1	-1.57581
[468]	1	0	-7.35244
[469]	1	0	-8.63629
[470]	1	1	-1.76207
[471]	1	0	-5.94144
[472]	1	1	-1.47346
[473]	1	1	-1.57581
[474]	1	0	-7.8016
[475]	1	1	-1.76207
[476]	1	1	-1.76207
[477]	1	1	-1.45494
[478]	1	1	-1.47346
[479]	1	1	-1.45494
[480]	1	0	-5.65214
[481]	1	1	-1.47346
[482]	1	0	-7.78541
[483]	1	1	-1.76207
[484]	1	1	-1.76207
[485]	1	1	-1.76207
[486]	1	1	-1.47346
[487]	1	1	-1.57581
[488]	1	0	-7.27596
[489]	1	0	-11.5548
[490]	1	1	-1.47346
[491]	1	1	-1.45494
[492]	1	1	-1.45494
[493]	1	1	-1.45494
[494]	1	1	-1.47346
[495]	1	0	-5.65214
[496]	1	1	-1.76207
[497]	1	1	-1.45494
[498]	1	1	-1.45494
[499]	1	1	-1.47346
[500]	1	1	-1.76207
[501]	1	1	-1.45494
[502]	1	0	-6.94482
[503]	1	1	-1.57581
[504]	1	1	-1.57581
[505]	1	0	-5.7723
[506]	1	1	-1.76207
[507]	1	1	-1.45494
[508]	1	1	-1.45494
[509]	1	1	-1.45494
[510]	1	1	-1.47346
[511]	1	1	-1.45494
[512]	1	1	-1.57581
[513]	1	1	-1.47346
[514]	1	1	-1.45494
[515]	1	1	-1.76207
[516]	1	1	-1.45494
[517]	1	1	-1.47346
[518]	1	1	-1.45494
[519]	1	1	-1.45494
[520]	1	1	-1.47346
[521]	1	1	-1.45494
[522]	1	1	-1.45494
[523]	1	1	-1.47346
[524]	1	1	-1.45494
[525]	1	1	-1.45494
[526]	1	1	-1.47346
[527]	1	0	-7.233
[531]	1	1	-1.45494
[532]	1	1	-1.47346
[533]	1	0	-15.1224
[537]	1	1	-1.45494
[538]	1	0	-5.65214
[539]	1	0	-7.35244
[540]	1	1	-1.45494
[541]	1	1	-1.47346
[542]	1	1	-1.45494
[543]	1	1	-1.47346
[544]	1	1	-1.45494
[545]	1	1	-1.76207
[546]	1	1	-1.45494
[547]	1	1	-1.45494
[548]	1	1	-1.57581
[549]	1	1	-1.47346
[550]	1	1	-1.76207
[551]	1	1	-1.45494
[552]	1	1	-1.45494
[553]	1	1	-1.47346
[554]	1	0	-7.46263
[555]	1	1	-1.45494
[556]	1	1	-1.47346
[557]	1	1	-1.47346
[558]	1	1	-1.45494
[559]	1	0	-7.32836
[560]	1	1	-1.45494
[561]	1	1	-1.45494
[562]	1	0	-5.65214
[563]	1	1	-1.76207
[564]	1	1	-1.45494
[565]	1	1	-1.47346
[566]	1	0	-18.7876
[567]	1	1	-1.45494
[568]	1	0	-9.11046
[569]	1	0	-13.5788
[570]	1	1	-1.45494
[571]	1	1	-1.47346
[572]	1	0	-5.65214
[573]	1	0	-8.17721
[574]	1	1	-1.47346
[575]	1	1	-1.57581
[576]	1	1	-1.76207
[577]	1	0	-6.8942
[578]	1	1	-1.57581
[579]	1	0	-7.21019
[580]	1	1	-1.47346
[581]	1	0	-8.55624
[582]	1	1	-1.45494
[583]	1	1	-1.45494
[584]	1	0	-9.673
[585]	1	0	-7.33809
[586]	1	1	-1.47346
[587]	1	1	-1.45494
[588]	1	1	-1.47346
[589]	1	1	-1.45494
[590]	1	0	-7.51398
[591]	1	1	-1.45494
[592]	1	1	-1.47346
[593]	1	0	-7.32836
[594]	1	1	-1.45494
[595]	1	1	-1.47346
[596]	1	1	-1.47346
[609]	1	1	-1.45494
[610]	1	1	-1.47346
[611]	1	1	-1.57581
[612]	1	1	-1.47346
[613]	1	1	-1.45494
[614]	1	1	-1.45494
[615]	1	1	-1.45494
[616]	1	0	-8.37234
[617]	1	0	-11.3455
[618]	1	0	-5.94144
[619]	1	0	-9.56079
[620]	1	0	-12.8364
[621]	1	1	-1.45494
[622]	1	1	-1.47346
[623]	1	0	-5.42796
[624]	1	0	-5.65214
[625]	1	1	-1.45494
[626]	1	0	-10.855
[627]	1	1	-1.47346
[628]	1	1	-1.47346
[629]	1	1	-1.57581
[630]	1	1	-1.47346
[631]	1	1	-1.45494
[632]	1	0	-5.7723
[633]	1	1	-1.45494
[634]	1	0	-8.607
[635]	1	0	-7.15215
[636]	1	1	-1.45494
[637]	1	1	-1.47346
[638]	1	0	-5.42796
[639]	1	0	-13.5788
[640]	1	0	-5.65214
[641]	1	1	-1.76207
[642]	1	0	-6.61322
[643]	1	0	-6.61322
[644]	1	1	-1.76207
[645]	1	1	-1.45494
[646]	1	0	-5.7723
[647]	1	1	-1.45494
[648]	1	1	-1.45494
[649]	1	1	-1.76207
[650]	1	1	-1.45494
[651]	1	1	-1.47346
[652]	1	1	-1.76207
[653]	1	1	-1.45494
[654]	1	1	-1.47346
[655]	1	1	-1.57581
[656]	1	1	-1.57581
[657]	1	1	-1.76207
[658]	1	1	-1.76207
[659]	1	1	-1.57581
[660]	1	1	-1.76207
[661]	1	1	-1.57581
[662]	1	0	-8.28232
[663]	1	0	-11.5038
[664]	1	0	-7.3546
[665]	1	0	-13.5528
[666]	1	0	-7.07291
[667]	1	0	-5.7723
[668]	1	0	-7.61889
[669]	1	1	-1.47346
[670]	1	0	-8.72536
[671]	1	1	-1.47346
[672]	1	1	-1.45494
[673]	1	1	-1.76207
[674]	1	1	-1.76207
[675]	1	1	-1.76207
[676]	1	1	-1.57581
[677]	1	0	-8.46554
[678]	1	1	-1.45494
[679]	1	1	-1.47346
[680]	1	1	-1.45494
[681]	1	1	-1.45494
[682]	1	1	-1.47346
[683]	1	0	-9.23413
[684]	1	1	-1.45494
[685]	1	1	-1.76207
[686]	1	1	-1.45494
[687]	1	1	-1.45494
[688]	1	1	-1.47346
[689]	1	0	-9.57079
[690]	1	1	-1.47346
[691]	1	1	-1.47346
[692]	1	1	-1.47346
[693]	1	1	-1.45494
[694]	1	1	-1.45494
[695]	1	1	-1.47346
[696]	1	1	-1.47346
[697]	1	1	-1.45494
[698]	1	1	-1.47346
[699]	1	1	-1.45494
[700]	1	1	-1.57581
[701]	1	0	-7.68292
[702]	1	1	-1.45494
[703]	1	1	-1.76207
[704]	1	1	-1.45494
[705]	1	1	-1.47346
[706]	1	1	-1.47346
[707]	1	1	-1.45494
[708]	1	1	-1.47346
[709]	1	1	-1.47346
[710]	1	1	-1.57581
[711]	1	1	-1.57581
[712]	1	1	-1.47346
[713]	1	1	-1.45494
[714]	1	1	-1.47346
[715]	1	1	-1.76207
[716]	1	1	-1.47346
[717]	1	1	-1.45494
[718]	1	1	-1.57581
[719]	1	1	-1.47346
[720]	1	1	-1.57581
[721]	1	1	-1.76207
[722]	1	1	-1.45494
[723]	1	1	-1.76207
[724]	1	1	-1.45494
[725]	1	1	-1.45494
[726]	1	1	-1.45494
[727]	1	1	-1.47346
[728]	1	1	-1.57581
[729]	1	1	-1.57581
[730]	1	1	-1.47346
[731]	1	1	-1.45494
[732]	1	1	-1.57581
[733]	1	1	-1.76207
[734]	1	1	-1.57581
[735]	1	1	-1.76207
[736]	1	1	-1.76207
[737]	1	0	-7.0683
[738]	1	1	-1.45494
[739]	1	1	-1.47346
[740]	1	1	-1.47346
[741]	1	1	-1.45494
[742]	1	1	-1.45494
[743]	1	1	-1.47346
[744]	1	1	-1.47346
[745]	1	1	-1.45494
[746]	1	0	-7.23968
[747]	1	1	-1.47346
[748]	1	1	-1.76207
[749]	1	1	-1.57581
[750]	1	1	-1.47346
[751]	1	1	-1.47346
[752]	1	1	-1.47346
[753]	1	1	-1.57581
[754]	1	1	-1.76207
[755]	1	0	-5.65214
[756]	1	1	-1.57581
[757]	1	1	-1.47346
[758]	1	0	-6.94482
[759]	1	1	-1.47346
[760]	1	1	-1.47346
[761]	1	1	-1.47346
[762]	1	1	-1.45494
[763]	1	1	-1.57581
[764]	1	1	-1.76207
[765]	1	1	-1.57581
[766]	1	1	-1.76207
[767]	1	1	-1.45494
[768]	1	1	-1.76207
[769]	1	1	-1.76207
[770]	1	1	-1.45494
[771]	1	1	-1.47346
[772]	1	1	-1.57581
[773]	1	1	-1.57581
[774]	1	1	-1.47346
[775]	1	1	-1.57581
[776]	1	1	-1.57581
[777]	1	1	-1.47346
[778]	1	1	-1.47346
[779]	1	1	-1.57581
[780]	1	1	-1.57581
[781]	1	1	-1.47346
[782]	1	0	-13.462
[783]	1	1	-1.57581
[784]	1	1	-1.76207
[785]	1	1	-1.76207
[786]	1	1	-1.57581
[787]	1	1	-1.57581
[788]	1	1	-1.76207
[789]	1	1	-1.57581
[790]	1	1	-1.47346
[791]	1	1	-1.47346
[792]	1	1	-1.57581
[793]	1	1	-1.57581
[794]	1	1	-1.47346
[795]	1	0	-7.33609
[796]	1	1	-1.47346
[797]	1	1	-1.76207
[798]	1	1	-1.45494
[799]	1	1	-1.76207
[800]	1	1	-1.76207
[801]	1	1	-1.76207
[802]	1	1	-1.76207
[803]	1	1	-1.57581
[804]	1	1	-1.57581
[805]	1	1	-1.57581
[806]	1	1	-1.47346
[807]	1	1	-1.76207
[808]	1	0	-13.9749
[809]	1	1	-1.45494
[810]	1	1	-1.76207
[811]	1	1	-1.76207
[812]	1	0	-7.10146
[813]	1	1	-1.47346
[814]	1	1	-1.47346
[815]	1	1	-1.45494
[816]	1	1	-1.45494
[817]	1	1	-1.47346
[818]	1	1	-1.57581
[819]	1	1	-1.47346
[820]	1	1	-1.47346
[821]	1	1	-1.47346
[822]	1	1	-1.45494
[823]	1	1	-1.45494
[824]	1	1	-1.76207
[825]	1	1	-1.45494
[826]	1	1	-1.45494
[827]	1	1	-1.57581
[828]	1	1	-1.57581
[829]	1	1	-1.57581
[830]	1	1	-1.47346
[831]	1	1	-1.45494
[832]	1	1	-1.47346
[833]	1	1	-1.47346
[834]	1	1	-1.76207
[835]	1	1	-1.76207
[836]	1	0	-8.31241
[837]	1	1	-1.76207
[838]	1	1	-1.57581
[839]	1	1	-1.57581
[840]	1	1	-1.47346
[841]	1	1	-1.45494
[842]	1	0	-20.6616
[843]	1	1	-1.45494
[844]	1	1	-1.57581
[845]	1	0	-9.07398
[846]	1	1	-1.57581
[847]	1	1	-1.76207
[848]	1	0	-16.8912
[849]	1	1	-1.47346
[850]	1	1	-1.47346
[851]	1	1	-1.47346
[852]	1	1	-1.47346
[853]	1	1	-1.47346
[854]	1	0	-5.7723
[855]	1	1	-1.47346
[856]	1	1	-1.45494
[857]	1	1	-1.76207
[858]	1	1	-1.57581
[859]	1	1	-1.47346
[860]	1	1	-1.57581
[861]	1	1	-1.47346
[862]	1	1	-1.47346
[863]	1	1	-1.45494
[864]	1	1	-1.45494
[865]	1	1	-1.57581
[866]	1	1	-1.47346
[867]	1	1	-1.57581
[868]	1	1	-1.76207
[869]	1	0	-8.83959
[870]	1	1	-1.47346
[871]	1	1	-1.47346
[872]	1	1	-1.47346
[873]	1	1	-1.45494
[874]	1	1	-1.57581
[875]	1	1	-1.47346
[876]	1	1	-1.76207
[877]	1	1	-1.76207
[878]	1	0	-6.36394
[879]	1	1	-1.76207
[880]	1	1	-1.76207
[881]	1	1	-1.45494
[882]	1	1	-1.47346
[883]	1	1	-1.45494
[884]	1	1	-1.45494
[885]	1	1	-1.76207
[886]	1	1	-1.57581
[887]	1	0	-7.97997
[888]	1	0	-5.7723
[889]	1	1	-1.76207
[890]	1	1	-1.45494
[891]	1	1	-1.45494
[892]	1	1	-1.76207
[893]	1	0	-7.35244
[894]	1	1	-1.45494
[895]	1	0	-7.37282
[896]	1	1	-1.76207
[897]	1	1	-1.57581
[898]	1	1	-1.76207
[899]	1	1	-1.76207
[900]	1	1	-1.57581
[901]	1	1	-1.47346
[902]	1	1	-1.45494
[903]	1	1	-1.45494
[904]	1	1	-1.47346
[905]	1	1	-1.47346
[906]	1	1	-1.45494
[907]	1	1	-1.47346
[908]	1	1	-1.45494
[909]	1	1	-1.76207
[910]	1	1	-1.76207
[911]	1	1	-1.45494
[912]	1	1	-1.57581
[913]	1	1	-1.76207
[914]	1	1	-1.76207
[915]	1	1	-1.76207
[916]	1	1	-1.76207
[917]	1	1	-1.57581
[918]	1	1	-1.57581
[919]	1	1	-1.47346
[920]	1	1	-1.45494
[921]	1	1	-1.76207
[922]	1	1	-1.47346
[923]	1	1	-1.57581
[924]	1	1	-1.57581
[925]	1	1	-1.57581
[926]	1	1	-1.47346
[927]	1	1	-1.45494
[928]	1	1	-1.47346
[929]	1	1	-1.57581
[930]	1	1	-1.47346
[931]	1	1	-1.57581
[932]	1	1	-1.76207
[933]	1	1	-1.47346
[934]	1	1	-1.45494
[935]	1	0	-12.39
[936]	1	1	-1.76207
[937]	1	1	-1.47346
[938]	1	1	-1.76207
[939]	1	1	-1.57581
[940]	1	1	-1.76207
[941]	1	0	-7.28319
[942]	1	1	-1.45494
[943]	1	1	-1.76207
[944]	1	0	-7.41284
[945]	1	0	-5.94144
[946]	1	1	-1.47346
[947]	1	1	-1.76207
[948]	1	1	-1.45494
[949]	1	1	-1.45494
[950]	1	1	-1.45494
[951]	1	1	-1.47346
[952]	1	0	-7.3101
[953]	1	1	-1.47346
[954]	1	1	-1.47346
[955]	1	1	-1.47346
[956]	1	1	-1.45494
[957]	1	0	-7.61889
[958]	1	1	-1.57581
[959]	1	1	-1.57581
[960]	1	1	-1.47346
[961]	1	0	-13.2944
[962]	1	1	-1.76207
[963]	1	1	-1.45494
[964]	1	0	-13.3171
[965]	1	0	-16.2864
[966]	1	1	-1.45494
[967]	1	1	-1.45494
[968]	1	1	-1.47346
[969]	1	1	-1.47346
[970]	1	1	-1.45494
[971]	1	1	-1.76207
[972]	1	1	-1.45494
[973]	1	1	-1.47346
[974]	1	1	-1.45494
[975]	1	1	-1.45494
[976]	1	1	-1.47346
[977]	1	0	-5.39294
[978]	1	1	-1.47346
[979]	1	1	-1.76207
[980]	1	1	-1.76207
[981]	1	1	-1.76207
[982]	1	1	-1.57581
[983]	1	1	-1.76207
[984]	1	1	-1.47346
[985]	1	1	-1.45494
[986]	1	1	-1.76207
[987]	1	1	-1.45494
[988]	1	1	-1.47346
[989]	1	1	-1.47346
[990]	1	1	-1.45494
[991]	1	1	-1.47346
[992]	1	0	-8.6182
[993]	1	1	-1.45494
[994]	1	1	-1.47346
[995]	1	1	-1.76207
[996]	1	1	-1.45494
[997]	1	1	-1.47346
[998]	1	1	-1.45494
[999]	1	1	-1.57581
[1000]	1	1	-1.76207
[1001]	1	0	-6.7731
[1002]	1	1	-1.45494
[1003]	1	1	-1.76207
[1004]	1	1	-1.47346
[1005]	1	1	-1.45494
[1006]	1	1	-1.47346
[1007]	1	1	-1.47346
[1008]	1	1	-1.45494
[1009]	1	1	-1.47346
[1010]	1	0	-7.85977
[1011]	1	1	-1.47346
[1012]	1	1	-1.47346
[1013]	1	1	-1.45494
[1014]	1	1	-1.47346
[1015]	1	0	-14.5267
[1016]	1	1	-1.45494
[1017]	1	1	-1.57581
[1018]	1	1	-1.47346
[1019]	1	1	-1.45494
[1020]	1	1	-1.57581
[1021]	1	1	-1.47346
[1022]	1	0	-8.62524
[1023]	1	1	-1.57581
[1024]	1	0	-8.54048
[1025]	1	1	-1.47346
[1026]	1	1	-1.47346
[1027]	1	0	-5.39294
[1028]	1	1	-1.47346
[1029]	1	1	-1.47346
[1030]	1	0	-7.13483
[1031]	1	1	-1.45494
[1032]	1	1	-1.45494
[1033]	1	1	-1.76207
[1034]	1	1	-1.57581
[1035]	1	1	-1.57581
[1036]	1	1	-1.57581
[1037]	1	1	-1.76207
[1038]	1	1	-1.45494
[1039]	1	0	-7.61991
[1040]	1	1	-1.47346
[1041]	1	1	-1.47346
[1042]	1	1	-1.47346
[1043]	1	1	-1.45494
[1044]	1	1	-1.47346
[1045]	1	1	-1.45494
[1046]	1	1	-1.45494
[1047]	1	1	-1.47346
[1048]	1	1	-1.47346
[1049]	1	1	-1.45494
[1050]	1	1	-1.57581
[1051]	1	1	-1.76207
[1052]	1	0	-6.61322
[1053]	1	1	-1.45494
[1054]	1	1	-1.47346
[1055]	1	0	-7.06236
[1056]	1	1	-1.47346
[1057]	1	1	-1.76207
[1058]	1	1	-1.45494
[1059]	1	1	-1.45494
[1060]	1	1	-1.47346
[1061]	1	0	-7.5369
[1062]	1	1	-1.45494
[1063]	1	0	-6.69231
[1064]	1	1	-1.57581
[1065]	1	1	-1.76207
[1066]	1	1	-1.47346
[1067]	1	1	-1.76207
[1068]	1	1	-1.57581
[1069]	1	1	-1.57581
[1070]	1	1	-1.57581
[1071]	1	0	-13.1954
[1072]	1	1	-1.45494
[1073]	1	1	-1.57581
[1074]	1	1	-1.76207
[1075]	1	1	-1.76207
[1076]	1	1	-1.57581
[1077]	1	1	-1.47346
[1078]	1	1	-1.76207
[1079]	1	1	-1.45494
[1080]	1	1	-1.45494
[1081]	1	1	-1.57581
[1082]	1	1	-1.47346
[1083]	1	1	-1.47346
[1084]	1	1	-1.47346
[1085]	1	1	-1.45494
[1086]	1	1	-1.57581
[1087]	1	1	-1.45494
[1088]	1	1	-1.57581
[1089]	1	1	-1.76207
[1090]	1	1	-1.76207
[1091]	1	1	-1.76207
[1092]	1	1	-1.45494
[1093]	1	1	-1.57581
[1094]	1	0	-7.52174
[1095]	1	1	-1.45494
[1096]	1	1	-1.47346
[1097]	1	1	-1.57581
[1098]	1	1	-1.76207
[1099]	1	1	-1.76207
[1100]	1	1	-1.76207
[1101]	1	1	-1.47346
[1102]	1	1	-1.57581
[1103]	1	0	-18.0288
[1104]	1	1	-1.45494
[1105]	1	1	-1.76207
[1106]	1	1	-1.57581
[1107]	1	1	-1.76207
[1108]	1	0	-7.46549
[1109]	1	1	-1.57581
[1110]	1	1	-1.47346
[1111]	1	1	-1.45494
[1112]	1	1	-1.45494
[1113]	1	1	-1.47346
[1114]	1	1	-1.47346
[1115]	1	1	-1.57581
[1116]	1	1	-1.57581
[1117]	1	1	-1.45494
[1118]	1	1	-1.57581
[1119]	1	1	-1.47346
[1120]	1	1	-1.57581
[1121]	1	0	-9.1525
[1122]	1	1	-1.57581
[1123]	1	1	-1.76207
[1124]	1	1	-1.76207
[1125]	1	1	-1.57581
[1126]	1	1	-1.47346
[1127]	1	1	-1.45494
[1128]	1	1	-1.47346
[1129]	1	1	-1.47346
[1130]	1	1	-1.47346
[1131]	1	1	-1.76207
[1132]	1	1	-1.45494
[1133]	1	1	-1.45494
[1134]	1	1	-1.57581
[1135]	1	1	-1.47346
[1136]	1	0	-12.7987
[1137]	1	1	-1.45494
[1138]	1	1	-1.47346
[1139]	1	1	-1.76207
[1140]	1	1	-1.47346
[1141]	1	1	-1.47346
[1142]	1	0	-7.99063
[1143]	1	1	-1.47346
[1144]	1	1	-1.57581
[1145]	1	0	-13.6722
[1146]	1	1	-1.47346
[1147]	1	1	-1.47346
[1148]	1	0	-5.28845
[1149]	1	1	-1.57581
[1150]	1	1	-1.76207
[1151]	1	1	-1.45494
[1152]	1	1	-1.45494
[1153]	1	1	-1.57581
[1154]	1	1	-1.76207
[1155]	1	1	-1.76207
[1156]	1	1	-1.57581
[1157]	1	1	-1.76207
[1158]	1	1	-1.45494
[1159]	1	1	-1.45494
[1160]	1	1	-1.47346
[1161]	1	1	-1.47346
[1162]	1	1	-1.47346
[1163]	1	1	-1.47346
[1164]	1	1	-1.57581
[1165]	1	1	-1.76207
[1166]	1	0	-9.57079
[1167]	1	1	-1.45494
[1168]	1	1	-1.45494
[1169]	1	0	-8.54048
[1170]	1	1	-1.47346
[1171]	1	1	-1.47346
[1172]	1	1	-1.45494
[1173]	1	1	-1.45494
[1174]	1	1	-1.45494
[1175]	1	1	-1.76207
[1176]	1	1	-1.76207
[1177]	1	1	-1.76207
[1178]	1	1	-1.76207
[1179]	1	1	-1.45494
[1180]	1	1	-1.45494
[1181]	1	1	-1.76207
[1182]	1	1	-1.45494
[1183]	1	1	-1.57581
[1184]	1	1	-1.57581
[1185]	1	1	-1.76207
[1186]	1	1	-1.76207
[1187]	1	1	-1.76207
[1188]	1	1	-1.45494
[1189]	1	1	-1.47346
[1190]	1	1	-1.47346
[1191]	1	1	-1.57581
[1192]	1	0	-9.57079
[1193]	1	1	-1.57581
[1194]	1	1	-1.76207
[1195]	1	1	-1.57581
[1196]	1	1	-1.47346
[1197]	1	1	-1.47346
[1198]	1	1	-1.76207
[1199]	1	0	-13.6997
[1200]	1	1	-1.76207
[1201]	1	1	-1.76207
[1202]	1	1	-1.45494
[1203]	1	1	-1.47346
[1204]	1	1	-1.57581
[1205]	1	1	-1.76207
[1206]	1	1	-1.57581
[1207]	1	1	-1.47346
[1208]	1	0	-13.5788
[1209]	1	1	-1.47346
[1210]	1	1	-1.76207
[1211]	1	1	-1.57581
[1212]	1	1	-1.45494
[1213]	1	1	-1.47346
[1214]	1	0	-7.48715
[1215]	1	1	-1.57581
[1216]	1	1	-1.47346
[1217]	1	1	-1.76207
[1218]	1	1	-1.47346
[1219]	1	1	-1.76207
[1220]	1	1	-1.76207
[1221]	1	1	-1.57581
[1222]	1	1	-1.76207
[1223]	1	1	-1.45494
[1224]	1	1	-1.47346
[1225]	1	1	-1.76207
[1226]	1	1	-1.45494
[1227]	1	1	-1.45494
[1228]	1	1	-1.47346
[1229]	1	1	-1.57581
[1230]	1	1	-1.47346
[1231]	1	1	-1.47346
[1232]	1	0	-6.85219
[1233]	1	0	-8.63629
[1234]	1	1	-1.47346
[1235]	1	1	-1.45494
[1236]	1	1	-1.47346
[1237]	1	1	-1.45494
[1238]	1	1	-1.47346
[1239]	1	1	-1.76207
[1240]	1	1	-1.76207
[1241]	1	1	-1.47346
[1242]	1	1	-1.57581
[1243]	1	1	-1.76207
[1244]	1	1	-1.76207
[1245]	1	1	-1.57581
[1246]	1	0	-7.0683
[1247]	1	0	-8.65769
[1248]	1	1	-1.47346
[1249]	1	1	-1.45494
[1250]	1	1	-1.45494
[1251]	1	1	-1.47346
[1252]	1	1	-1.57581
[1253]	1	0	-9.15793
[1254]	1	1	-1.57581
[1255]	1	1	-1.47346
[1256]	1	1	-1.45494
[1257]	1	1	-1.47346
[1258]	1	1	-1.57581
[1259]	1	1	-1.57581
[1260]	1	1	-1.47346
[1261]	1	1	-1.47346
[1262]	1	1	-1.45494
[1263]	1	1	-1.57581
[1264]	1	1	-1.45494
[1265]	1	1	-1.57581
[1266]	1	1	-1.76207
[1267]	1	1	-1.57581
[1268]	1	0	-7.4928
[1269]	1	1	-1.45494
[1270]	1	1	-1.76207
[1271]	1	1	-1.57581
[1272]	1	1	-1.76207
[1273]	1	1	-1.47346
[1274]	1	1	-1.76207
[1275]	1	1	-1.57581
[1276]	1	1	-1.45494
[1277]	1	1	-1.47346
[1278]	1	1	-1.45494
[1279]	1	1	-1.76207
[1280]	1	0	-7.15727
[1281]	1	1	-1.57581
[1282]	1	1	-1.76207
[1283]	1	1	-1.76207
[1284]	1	1	-1.45494
[1285]	1	1	-1.45494
[1286]	1	1	-1.57581
[1287]	1	1	-1.47346
[1288]	1	1	-1.47346
[1289]	1	1	-1.47346
[1290]	1	1	-1.57581
[1291]	1	0	-8.34305
[1292]	1	1	-1.76207
[1293]	1	1	-1.45494
[1294]	1	1	-1.47346
[1295]	1	0	-5.39294
[1296]	1	0	-9.747
[1297]	1	1	-1.57581
[1298]	1	1	-1.47346
[1299]	1	1	-1.45494
[1300]	1	0	-6.42836
[1301]	1	1	-1.47346
[1302]	1	1	-1.45494
[1303]	1	1	-1.57581
[1304]	1	1	-1.76207
[1305]	1	1	-1.57581
[1306]	1	1	-1.47346
[1307]	1	0	-9.09191
[1308]	1	0	-7.27302
[1309]	1	1	-1.57581
[1310]	1	1	-1.76207
[1311]	1	1	-1.45494
[1312]	1	0	-10.4167
[1313]	1	1	-1.57581
[1314]	1	1	-1.57581
[1315]	1	1	-1.57581
[1316]	1	1	-1.47346
[1317]	1	1	-1.45494
[1318]	1	1	-1.47346
[1319]	1	1	-1.45494
[1320]	1	1	-1.47346
[1321]	1	1	-1.45494
[1322]	1	1	-1.76207
[1323]	1	1	-1.76207
[1324]	1	1	-1.76207
[1325]	1	0	-7.5369
[1326]	1	1	-1.57581
[1327]	1	1	-1.57581
[1328]	1	1	-1.47346
[1329]	1	1	-1.45494
[1330]	1	1	-1.45494
[1331]	1	0	-5.39294
[1332]	1	1	-1.45494
[1333]	1	1	-1.47346
[1334]	1	1	-1.47346
[1335]	1	1	-1.57581
[1336]	1	0	-7.45696
[1337]	1	1	-1.45494
[1338]	1	1	-1.45494
[1339]	1	1	-1.47346
[1340]	1	1	-1.45494
[1341]	1	1	-1.47346
[1342]	1	1	-1.76207
[1343]	1	1	-1.57581
[1344]	1	1	-1.57581
[1345]	1	1	-1.76207
[1346]	1	1	-1.76207
[1347]	1	1	-1.57581
[1348]	1	1	-1.57581
[1349]	1	1	-1.76207
[1350]	1	1	-1.57581
[1351]	1	1	-1.47346
[1352]	1	1	-1.47346
[1353]	1	1	-1.45494
[1354]	1	1	-1.57581
[1355]	1	0	-7.80032
[1356]	1	1	-1.57581
[1357]	1	1	-1.57581
[1358]	1	1	-1.76207
[1359]	1	1	-1.45494
[1360]	1	1	-1.57581
[1361]	1	0	-8.28232
[1362]	1	1	-1.47346
[1363]	1	1	-1.47346
[1364]	1	1	-1.76207
[1365]	1	1	-1.45494
[1366]	1	1	-1.57581
[1367]	1	1	-1.76207
[1368]	1	1	-1.57581
[1369]	1	1	-1.47346
[1370]	1	1	-1.76207
[1371]	1	1	-1.57581
[1372]	1	1	-1.76207
[1373]	1	1	-1.45494
[1374]	1	1	-1.47346
[1375]	1	1	-1.47346
[1376]	1	1	-1.45494
[1377]	1	1	-1.45494
[1378]	1	0	-8.607
[1379]	1	0	-7.27596
[1380]	1	0	-8.85788
[1381]	1	1	-1.76207
[1382]	1	1	-1.45494
[1383]	1	1	-1.45494
[1384]	1	1	-1.47346
[1385]	1	1	-1.76207
[1386]	1	1	-1.45494
[1387]	1	1	-1.47346
[1388]	1	1	-1.47346
[1389]	1	1	-1.45494
[1390]	1	1	-1.47346
[1391]	1	1	-1.47346
[1392]	1	1	-1.47346
[1393]	1	1	-1.76207
[1394]	1	1	-1.57581
[1395]	1	1	-1.76207
[1396]	1	1	-1.76207
[1397]	1	1	-1.76207
[1398]	1	1	-1.45494
[1399]	1	1	-1.47346
[1400]	1	1	-1.76207
[1401]	1	1	-1.45494
[1402]	1	1	-1.47346
[1403]	1	1	-1.76207
[1404]	1	1	-1.45494
[1405]	1	1	-1.47346
[1406]	1	1	-1.76207
[1407]	1	1	-1.45494
[1408]	1	1	-1.47346
[1409]	1	1	-1.57581
[1410]	1	1	-1.76207
[1411]	1	1	-1.76207
[1412]	1	1	-1.76207
[1413]	1	1	-1.76207
[1414]	1	1	-1.47346
[1415]	1	1	-1.57581
[1416]	1	1	-1.57581
[1417]	1	1	-1.47346
[1418]	1	1	-1.57581
[1419]	1	1	-1.57581
[1420]	1	1	-1.47346
[1421]	1	0	-6.34718
[1422]	1	1	-1.57581
[1423]	1	1	-1.76207
[1424]	1	1	-1.57581
[1425]	1	1	-1.57581
[1426]	1	1	-1.76207
[1427]	1	1	-1.76207
[1428]	1	1	-1.57581
[1429]	1	1	-1.45494
[1430]	1	1	-1.47346
[1431]	1	1	-1.45494
[1432]	1	1	-1.47346
[1433]	1	1	-1.47346
[1434]	1	1	-1.57581
[1435]	1	1	-1.76207
[1436]	1	1	-1.57581
[1437]	1	1	-1.47346
[1438]	1	1	-1.76207
[1439]	1	1	-1.47346
[1440]	1	1	-1.45494
[1441]	1	1	-1.47346
[1442]	1	1	-1.47346
[1443]	1	1	-1.57581
[1444]	1	1	-1.45494
[1445]	1	0	-17.3908
[1446]	1	1	-1.47346
[1447]	1	1	-1.47346
[1448]	1	0	-6.36394
[1449]	1	1	-1.47346
[1450]	1	1	-1.57581
[1451]	1	1	-1.57581
[1452]	1	1	-1.47346
[1453]	1	1	-1.45494
[1454]	1	1	-1.57581
[1455]	1	1	-1.76207
[1456]	1	1	-1.57581
[1457]	1	1	-1.57581
[1458]	1	1	-1.76207
[1459]	1	1	-1.76207
[1460]	1	1	-1.45494
[1461]	1	1	-1.45494
[1462]	1	1	-1.47346
[1463]	1	1	-1.76207
[1464]	1	1	-1.57581
[1465]	1	1	-1.57581
[1466]	1	1	-1.57581
[1467]	1	1	-1.47346
[1468]	1	1	-1.47346
[1469]	1	1	-1.57581
[1470]	1	1	-1.45494
[1471]	1	1	-1.47346
[1472]	1	1	-1.76207
[1473]	1	1	-1.57581
[1474]	1	1	-1.47346
[1475]	1	1	-1.45494
[1476]	1	1	-1.45494
[1477]	1	1	-1.76207
[1478]	1	1	-1.45494
[1479]	1	1	-1.45494
[1480]	1	1	-1.57581
[1481]	1	1	-1.57581
[1482]	1	1	-1.47346
[1483]	1	1	-1.76207
[1484]	1	1	-1.45494
[1485]	1	1	-1.45494
[1486]	1	1	-1.45494
[1487]	1	1	-1.47346
[1488]	1	1	-1.47346
[1489]	1	1	-1.45494
[1490]	1	1	-1.45494
[1491]	1	1	-1.57581
[1492]	1	1	-1.47346
[1493]	1	1	-1.45494
[1494]	1	1	-1.76207
[1495]	1	1	-1.45494
[1496]	1	1	-1.45494
[1497]	1	1	-1.57581
[1498]	1	1	-1.76207
[1499]	1	1	-1.76207
[1500]	1	1	-1.45494
[1501]	1	1	-1.57581
[1502]	1	0	-7.46263
[1503]	1	1	-1.47346
[1504]	1	1	-1.76207
[1505]	1	0	-6.42836
[1506]	1	1	-1.57581
[1507]	1	1	-1.47346
[1508]	1	0	-7.56205
[1509]	1	1	-1.47346
[1510]	1	1	-1.47346
[1511]	1	1	-1.45494
[1512]	1	1	-1.76207
[1513]	1	1	-1.76207
[1514]	1	0	-5.28845
[1515]	1	1	-1.57581
[1516]	1	1	-1.45494
[1517]	1	1	-1.47346
[1518]	1	1	-1.47346
[1519]	1	1	-1.45494
[1520]	1	0	-7.27596
[1521]	1	1	-1.47346
[1522]	1	1	-1.47346
[1523]	1	1	-1.47346
[1524]	1	1	-1.47346
[1525]	1	1	-1.76207
[1526]	1	1	-1.57581
[1527]	1	1	-1.57581
[1528]	1	1	-1.47346
[1529]	1	1	-1.57581
[1530]	1	1	-1.47346
[1531]	1	1	-1.47346
[1532]	1	1	-1.47346
[1533]	1	1	-1.47346
[1534]	1	1	-1.47346
[1535]	1	1	-1.47346
[1536]	1	1	-1.45494
[1537]	1	1	-1.76207
[1538]	1	1	-1.47346
[1539]	1	1	-1.45494
[1540]	1	1	-1.47346
[1541]	1	1	-1.76207
[1542]	1	1	-1.47346
[1543]	1	0	-7.95846
[1544]	1	1	-1.45494
[1545]	1	1	-1.47346
[1546]	1	1	-1.47346
[1547]	1	1	-1.47346
[1548]	1	1	-1.45494
[1549]	1	1	-1.57581
[1550]	1	1	-1.57581
[1551]	1	1	-1.47346
[1552]	1	1	-1.45494
[1553]	1	1	-1.57581
[1554]	1	1	-1.47346
[1555]	1	1	-1.47346
[1556]	1	1	-1.47346
[1557]	1	1	-1.45494
[1558]	1	1	-1.45494
[1559]	1	1	-1.57581
[1560]	1	1	-1.47346
[1561]	1	1	-1.45494
[1562]	1	1	-1.45494
[1563]	1	1	-1.47346
[1564]	1	1	-1.47346
[1565]	1	1	-1.47346
[1566]	1	1	-1.57581
[1567]	1	1	-1.76207
[1568]	1	1	-1.76207
[1569]	1	1	-1.57581
[1570]	1	1	-1.45494
[1571]	1	1	-1.45494
[1572]	1	1	-1.76207
[1573]	1	1	-1.76207
[1574]	1	1	-1.76207
[1575]	1	1	-1.57581
[1576]	1	1	-1.47346
[1577]	1	1	-1.76207
[1578]	1	1	-1.45494
[1579]	1	1	-1.76207
[1580]	1	1	-1.57581
[1581]	1	1	-1.57581
[1582]	1	1	-1.76207
[1583]	1	1	-1.76207
[1584]	1	1	-1.47346
[1585]	1	1	-1.45494
[1586]	1	1	-1.57581
[1587]	1	1	-1.47346
[1588]	1	1	-1.47346
[1589]	1	1	-1.45494
[1590]	1	0	-8.01673
[1591]	1	1	-1.76207
[1592]	1	0	-5.28845
[1593]	1	1	-1.57581
[1594]	1	1	-1.76207
[1595]	1	1	-1.45494
[1596]	1	1	-1.47346
[1597]	1	1	-1.45494
[1598]	1	1	-1.76207
[1599]	1	1	-1.76207
[1600]	1	1	-1.76207
[1601]	1	1	-1.57581
[1602]	1	1	-1.47346
[1603]	1	1	-1.76207
[1604]	1	1	-1.45494
[1605]	1	1	-1.45494
[1606]	1	1	-1.57581
[1607]	1	1	-1.47346
[1608]	1	1	-1.57581
[1609]	1	1	-1.57581
[1610]	1	1	-1.76207
[1611]	1	1	-1.47346
[1612]	1	1	-1.76207
[1613]	1	1	-1.76207
[1614]	1	1	-1.45494
[1615]	1	1	-1.47346
[1616]	1	1	-1.57581
[1617]	1	1	-1.57581
[1618]	1	1	-1.47346
[1619]	1	1	-1.76207
[1620]	1	1	-1.47346
[1621]	1	1	-1.57581
[1622]	1	0	-8.31241
[1623]	1	1	-1.47346
[1624]	1	1	-1.57581
[1625]	1	0	-7.97997
[1626]	1	1	-1.47346
[1627]	1	1	-1.76207
[1628]	1	1	-1.45494
[1629]	1	1	-1.47346
[1630]	1	1	-1.47346
[1631]	1	0	-5.7723
[1632]	1	1	-1.45494
[1633]	1	1	-1.47346
[1634]	1	1	-1.76207
[1635]	1	1	-1.45494
[1636]	1	1	-1.47346
[1637]	1	0	-19.8128
[1638]	1	1	-1.45494
[1639]	1	1	-1.57581
[1640]	1	1	-1.57581
[1641]	1	1	-1.47346
[1642]	1	1	-1.45494
[1643]	1	1	-1.45494
[1644]	1	1	-1.47346
[1645]	1	1	-1.57581
[1646]	1	1	-1.47346
[1647]	1	1	-1.45494
[1648]	1	1	-1.47346
[1649]	1	0	-5.28845
[1650]	1	1	-1.57581
[1651]	1	1	-1.76207
[1652]	1	1	-1.45494
[1653]	1	1	-1.76207
[1654]	1	1	-1.47346
[1655]	1	0	-11.5463
[1656]	1	1	-1.57581
[1657]	1	1	-1.45494
[1658]	1	1	-1.57581
[1659]	1	1	-1.76207
[1660]	1	1	-1.57581
[1661]	1	1	-1.76207
[1662]	1	1	-1.57581
[1663]	1	1	-1.76207
[1664]	1	1	-1.76207
[1665]	1	1	-1.76207
[1666]	1	1	-1.76207
[1667]	1	1	-1.76207
[1668]	1	1	-1.45494
[1669]	1	1	-1.45494
[1670]	1	1	-1.57581
[1671]	1	1	-1.57581
[1672]	1	1	-1.47346
[1673]	1	1	-1.45494
[1674]	1	1	-1.57581
[1675]	1	1	-1.76207
[1676]	1	0	-9.44495
[1677]	1	0	-5.8083
[1678]	1	1	-1.47346
[1679]	1	1	-1.57581
[1680]	1	1	-1.57581
[1681]	1	1	-1.57581
[1682]	1	1	-1.76207
[1683]	1	1	-1.57581
[1684]	1	1	-1.57581
[1685]	1	0	-11.5441
[1686]	1	0	-14.1336
[1687]	1	0	-11.8796
[1688]	1	0	-15.6503
[1689]	1	1	-1.45494
[1690]	1	1	-1.47346
[1691]	1	1	-1.47346
[1692]	1	0	-7.95846
[1693]	1	1	-1.45494
[1694]	1	1	-1.57581
[1695]	1	1	-1.57581
[1696]	1	1	-1.47346
[1697]	1	0	-22.5593
[1698]	0	0	-1.36891
[1699]	0	0	-1.36891
[1700]	0	0	-1.36891
[1701]	0	0	-1.36891
[1702]	0	0	-1.39515
[1703]	0	0	-1.66873
