Sites	is.complete	is.constant	lnL
[0]	1	1	-1.45276
[1]	1	1	-1.74276
[2]	1	1	-1.42479
[3]	1	1	-1.42479
[4]	1	1	-1.56277
[5]	1	1	-1.74276
[6]	1	1	-1.42479
[7]	1	1	-1.56277
[8]	1	1	-1.56277
[9]	1	0	-14.4809
[10]	1	1	-1.74276
[11]	1	1	-1.42479
[12]	1	1	-1.56277
[13]	1	1	-1.45276
[14]	1	0	-5.39511
[15]	1	1	-1.45276
[16]	1	1	-1.74276
[17]	1	0	-8.64497
[18]	1	1	-1.42479
[19]	1	1	-1.45276
[20]	1	1	-1.74276
[21]	1	1	-1.56277
[22]	1	1	-1.56277
[23]	1	1	-1.74276
[24]	1	1	-1.42479
[25]	1	1	-1.45276
[26]	1	1	-1.42479
[27]	1	1	-1.56277
[28]	1	1	-1.74276
[29]	1	1	-1.45276
[30]	1	1	-1.42479
[31]	1	1	-1.56277
[32]	1	1	-1.56277
[33]	1	1	-1.45276
[34]	1	1	-1.45276
[35]	1	1	-1.42479
[36]	1	1	-1.56277
[37]	1	1	-1.42479
[38]	1	1	-1.56277
[39]	1	1	-1.56277
[40]	1	1	-1.74276
[41]	1	1	-1.56277
[42]	1	1	-1.74276
[43]	1	1	-1.74276
[44]	1	1	-1.56277
[45]	1	1	-1.74276
[46]	1	1	-1.74276
[47]	1	1	-1.74276
[48]	1	1	-1.42479
[49]	1	1	-1.45276
[50]	1	1	-1.45276
[51]	1	1	-1.42479
[52]	1	1	-1.42479
[53]	1	1	-1.42479
[54]	1	1	-1.42479
[55]	1	1	-1.56277
[56]	1	1	-1.56277
[57]	1	1	-1.45276
[58]	1	1	-1.56277
[59]	1	1	-1.74276
[60]	1	1	-1.42479
[61]	1	1	-1.74276
[62]	1	0	-8.69846
[63]	1	1	-1.42479
[64]	1	1	-1.74276
[65]	1	1	-1.56277
[66]	1	1	-1.45276
[67]	1	1	-1.74276
[68]	1	1	-1.56277
[69]	1	1	-1.56277
[70]	1	1	-1.74276
[71]	1	0	-5.38751
[72]	1	1	-1.45276
[73]	1	1	-1.45276
[74]	1	1	-1.56277
[75]	1	1	-1.45276
[76]	1	1	-1.74276
[77]	1	1	-1.42479
[78]	1	1	-1.56277
[79]	1	1	-1.56277
[80]	1	1	-1.56277
[81]	1	1	-1.45276
[82]	1	0	-11.5308
[83]	1	0	-5.39511
[84]	1	1	-1.42479
[85]	1	1	-1.42479
[86]	1	1	-1.45276
[87]	1	1	-1.45276
[88]	1	1	-1.56277
[89]	1	1	-1.45276
[90]	1	1	-1.42479
[91]	1	1	-1.45276
[92]	1	1	-1.42479
[93]	1	1	-1.74276
[94]	1	1	-1.74276
[95]	1	1	-1.74276
[96]	1	1	-1.42479
[97]	1	1	-1.42479
[98]	1	1	-1.42479
[99]	1	1	-1.45276
[100]	1	1	-1.74276
[101]	1	1	-1.74276
[102]	1	1	-1.42479
[103]	1	1	-1.45276
[104]	1	1	-1.56277
[105]	1	1	-1.74276
[106]	1	0	-6.84484
[107]	1	1	-1.74276
[108]	1	1	-1.45276
[109]	1	1	-1.45276
[110]	1	0	-6.19632
[111]	1	1	-1.74276
[112]	1	1	-1.56277
[113]	1	1	-1.56277
[114]	1	1	-1.74276
[115]	1	1	-1.42479
[116]	1	1	-1.42479
[117]	1	1	-1.42479
[118]	1	1	-1.45276
[119]	1	1	-1.42479
[120]	1	1	-1.42479
[121]	1	1	-1.74276
[122]	1	0	-9.90593
[123]	1	1	-1.42479
[124]	1	1	-1.42479
[125]	1	0	-8.27483
[126]	1	1	-1.56277
[127]	1	1	-1.56277
[128]	1	1	-1.56277
[129]	1	1	-1.45276
[130]	1	1	-1.45276
[131]	1	1	-1.42479
[132]	1	1	-1.74276
[133]	1	1	-1.74276
[134]	1	1	-1.56277
[135]	1	1	-1.56277
[136]	1	1	-1.42479
[137]	1	1	-1.42479
[138]	1	1	-1.42479
[139]	1	1	-1.42479
[140]	1	0	-12.0084
[141]	1	1	-1.42479
[142]	1	1	-1.74276
[143]	1	1	-1.42479
[144]	1	1	-1.45276
[145]	1	1	-1.45276
[146]	1	1	-1.42479
[147]	1	1	-1.45276
[148]	1	0	-6.88404
[149]	1	1	-1.42479
[150]	1	1	-1.45276
[151]	1	1	-1.74276
[152]	1	1	-1.56277
[153]	1	1	-1.56277
[154]	1	1	-1.56277
[155]	1	1	-1.74276
[156]	1	1	-1.56277
[157]	1	1	-1.56277
[158]	1	1	-1.45276
[159]	1	1	-1.42479
[160]	1	1	-1.42479
[161]	1	1	-1.56277
[162]	1	1	-1.45276
[163]	1	1	-1.74276
[164]	1	0	-11.6549
[165]	1	1	-1.56277
[166]	1	1	-1.45276
[167]	1	1	-1.56277
[168]	1	1	-1.74276
[169]	1	1	-1.74276
[170]	1	1	-1.56277
[171]	1	1	-1.56277
[172]	1	1	-1.74276
[173]	1	1	-1.56277
[174]	1	0	-8.22129
[175]	1	1	-1.45276
[176]	1	1	-1.56277
[177]	1	1	-1.74276
[178]	1	1	-1.45276
[179]	1	0	-5.48272
[180]	1	1	-1.45276
[181]	1	1	-1.42479
[182]	1	0	-7.42785
[183]	1	1	-1.74276
[184]	1	1	-1.56277
[185]	1	1	-1.74276
[186]	1	1	-1.42479
[187]	1	1	-1.74276
[188]	1	1	-1.42479
[189]	1	1	-1.42479
[190]	1	1	-1.45276
[191]	1	1	-1.56277
[192]	1	1	-1.45276
[193]	1	1	-1.45276
[194]	1	1	-1.42479
[195]	1	0	-8.35476
[196]	1	1	-1.56277
[197]	1	0	-7.98623
[198]	1	1	-1.45276
[199]	1	1	-1.45276
[200]	1	1	-1.74276
[201]	1	1	-1.56277
[202]	1	1	-1.56277
[203]	1	0	-14.6865
[204]	1	1	-1.45276
[205]	1	1	-1.45276
[206]	1	1	-1.42479
[207]	1	1	-1.42479
[208]	1	1	-1.45276
[209]	1	1	-1.45276
[210]	1	1	-1.42479
[211]	1	1	-1.74276
[212]	1	1	-1.45276
[213]	1	1	-1.42479
[214]	1	1	-1.42479
[215]	1	1	-1.56277
[216]	1	1	-1.56277
[217]	1	1	-1.56277
[218]	1	1	-1.74276
[219]	1	1	-1.56277
[220]	1	1	-1.42479
[221]	1	0	-7.21989
[222]	1	1	-1.45276
[223]	1	1	-1.74276
[224]	1	1	-1.42479
[225]	1	1	-1.42479
[226]	1	1	-1.42479
[227]	1	1	-1.74276
[228]	1	1	-1.74276
[229]	1	1	-1.74276
[230]	1	1	-1.56277
[231]	1	1	-1.74276
[232]	1	1	-1.74276
[233]	1	1	-1.56277
[234]	1	1	-1.56277
[235]	1	1	-1.74276
[236]	1	1	-1.74276
[237]	1	1	-1.45276
[238]	1	1	-1.42479
[239]	1	0	-7.73498
[240]	1	1	-1.56277
[241]	1	1	-1.74276
[242]	1	1	-1.42479
[243]	1	1	-1.56277
[244]	1	1	-1.45276
[245]	1	0	-7.03021
[246]	1	1	-1.56277
[247]	1	1	-1.45276
[248]	1	1	-1.42479
[249]	1	1	-1.56277
[250]	1	1	-1.42479
[251]	1	1	-1.42479
[252]	1	1	-1.42479
[253]	1	1	-1.42479
[254]	1	1	-1.42479
[255]	1	0	-9.11741
[256]	1	1	-1.74276
[257]	1	1	-1.42479
[258]	1	1	-1.45276
[259]	1	1	-1.56277
[260]	1	1	-1.45276
[261]	1	1	-1.42479
[262]	1	1	-1.74276
[263]	1	0	-9.06031
[264]	1	1	-1.56277
[265]	1	1	-1.74276
[266]	1	0	-6.42686
[267]	1	1	-1.56277
[268]	1	1	-1.42479
[269]	1	1	-1.56277
[270]	1	1	-1.74276
[271]	1	1	-1.42479
[272]	1	1	-1.42479
[273]	1	1	-1.45276
[274]	1	1	-1.42479
[275]	1	1	-1.56277
[276]	1	1	-1.45276
[277]	1	1	-1.56277
[278]	1	1	-1.45276
[279]	1	0	-10.9929
[280]	1	1	-1.74276
[281]	1	0	-7.32782
[282]	1	1	-1.45276
[283]	1	1	-1.42479
[284]	1	1	-1.42479
[285]	1	1	-1.42479
[286]	1	1	-1.45276
[287]	1	1	-1.45276
[288]	1	1	-1.42479
[289]	1	1	-1.45276
[290]	1	1	-1.42479
[291]	1	0	-9.41513
[292]	1	1	-1.74276
[293]	1	1	-1.45276
[294]	1	1	-1.42479
[295]	1	1	-1.45276
[296]	1	1	-1.56277
[297]	1	1	-1.56277
[298]	1	1	-1.74276
[299]	1	0	-15.9013
[300]	1	1	-1.74276
[301]	1	1	-1.56277
[302]	1	1	-1.56277
[303]	1	1	-1.56277
[304]	1	1	-1.56277
[305]	1	1	-1.45276
[306]	1	1	-1.42479
[307]	1	1	-1.56277
[308]	1	1	-1.56277
[309]	1	0	-8.94369
[310]	1	1	-1.56277
[311]	1	0	-14.0715
[312]	1	1	-1.42479
[313]	1	1	-1.45276
[314]	1	1	-1.42479
[315]	1	1	-1.74276
[316]	1	1	-1.56277
[317]	1	1	-1.74276
[318]	1	1	-1.42479
[319]	1	1	-1.45276
[320]	1	1	-1.42479
[321]	1	1	-1.42479
[322]	1	1	-1.74276
[323]	1	0	-5.38751
[324]	1	1	-1.42479
[325]	1	1	-1.45276
[326]	1	0	-8.23367
[327]	1	1	-1.42479
[328]	1	1	-1.56277
[329]	1	1	-1.56277
[330]	1	1	-1.45276
[331]	1	1	-1.74276
[332]	1	1	-1.42479
[333]	1	1	-1.45276
[334]	1	1	-1.42479
[335]	1	1	-1.42479
[336]	1	1	-1.42479
[337]	1	1	-1.56277
[338]	1	1	-1.56277
[339]	1	1	-1.45276
[340]	1	1	-1.45276
[341]	1	1	-1.56277
[342]	1	1	-1.56277
[343]	1	1	-1.74276
[344]	1	0	-5.48272
[345]	1	1	-1.56277
[346]	1	1	-1.45276
[347]	1	1	-1.42479
[348]	1	1	-1.42479
[349]	1	1	-1.45276
[350]	1	1	-1.42479
[351]	1	1	-1.56277
[352]	1	1	-1.74276
[353]	1	1	-1.42479
[354]	1	1	-1.42479
[355]	1	1	-1.45276
[356]	1	1	-1.56277
[357]	1	1	-1.56277
[358]	1	1	-1.45276
[359]	1	1	-1.42479
[360]	1	1	-1.74276
[361]	1	1	-1.74276
[362]	1	1	-1.56277
[363]	1	1	-1.56277
[364]	1	1	-1.74276
[365]	1	0	-7.24873
[366]	1	1	-1.42479
[367]	1	1	-1.42479
[368]	1	1	-1.42479
[369]	1	1	-1.56277
[370]	1	1	-1.56277
[371]	1	1	-1.74276
[372]	1	1	-1.74276
[373]	1	1	-1.45276
[374]	1	0	-5.48272
[375]	1	1	-1.56277
[376]	1	1	-1.56277
[377]	1	0	-8.47239
[378]	1	1	-1.74276
[379]	1	1	-1.45276
[380]	1	1	-1.74276
[381]	1	1	-1.42479
[382]	1	1	-1.56277
[383]	1	1	-1.56277
[384]	1	1	-1.45276
[385]	1	1	-1.56277
[386]	1	0	-5.48272
[387]	1	1	-1.56277
[388]	1	1	-1.74276
[389]	1	1	-1.42479
[390]	1	1	-1.45276
[391]	1	1	-1.45276
[392]	1	1	-1.42479
[393]	1	1	-1.45276
[394]	1	1	-1.45276
[395]	1	1	-1.42479
[396]	1	1	-1.74276
[397]	1	1	-1.42479
[398]	1	1	-1.42479
[399]	1	1	-1.45276
[400]	1	1	-1.74276
[401]	1	1	-1.56277
[402]	1	1	-1.74276
[403]	1	1	-1.56277
[404]	1	1	-1.45276
[405]	1	1	-1.56277
[406]	1	1	-1.74276
[407]	1	1	-1.56277
[408]	1	1	-1.45276
[409]	1	1	-1.56277
[410]	1	1	-1.56277
[411]	1	1	-1.45276
[412]	1	0	-8.11884
[413]	1	1	-1.56277
[414]	1	1	-1.74276
[415]	1	1	-1.74276
[416]	1	1	-1.56277
[417]	1	1	-1.45276
[418]	1	1	-1.74276
[419]	1	1	-1.56277
[420]	1	1	-1.45276
[421]	1	1	-1.42479
[422]	1	0	-7.73573
[423]	1	1	-1.42479
[424]	1	1	-1.45276
[425]	1	1	-1.45276
[426]	1	1	-1.42479
[427]	1	1	-1.56277
[428]	1	0	-5.48272
[429]	1	0	-7.2353
[430]	1	1	-1.56277
[431]	1	1	-1.45276
[432]	1	0	-5.39511
[433]	1	1	-1.74276
[434]	1	0	-8.8149
[435]	1	1	-1.42479
[436]	1	1	-1.45276
[437]	1	0	-7.14126
[438]	1	1	-1.45276
[439]	1	1	-1.45276
[440]	1	0	-6.44652
[441]	1	0	-6.61316
[442]	1	1	-1.74276
[443]	1	0	-11.0989
[444]	1	1	-1.56277
[445]	1	1	-1.45276
[446]	1	1	-1.42479
[447]	1	1	-1.56277
[448]	1	1	-1.56277
[449]	1	0	-21.4913
[450]	1	1	-1.42479
[451]	1	1	-1.45276
[452]	1	0	-7.2534
[453]	1	1	-1.45276
[454]	1	1	-1.45276
[455]	1	0	-7.30937
[456]	1	1	-1.56277
[457]	1	1	-1.42479
[458]	1	0	-7.31865
[459]	1	1	-1.56277
[460]	1	1	-1.45276
[461]	1	0	-9.95464
[462]	1	1	-1.45276
[463]	1	1	-1.74276
[464]	1	1	-1.56277
[465]	1	1	-1.74276
[466]	1	1	-1.42479
[467]	1	0	-11.2565
[468]	1	1	-1.42479
[469]	1	1	-1.56277
[470]	1	1	-1.56277
[471]	1	1	-1.74276
[472]	1	1	-1.74276
[473]	1	0	-7.30937
[474]	1	1	-1.74276
[475]	1	1	-1.56277
[476]	1	0	-10.553
[477]	1	1	-1.42479
[478]	1	1	-1.45276
[479]	1	1	-1.74276
[480]	1	1	-1.42479
[481]	1	1	-1.74276
[482]	1	1	-1.42479
[483]	1	1	-1.56277
[484]	1	1	-1.74276
[485]	1	1	-1.45276
[486]	1	1	-1.56277
[487]	1	1	-1.56277
[488]	1	1	-1.74276
[489]	1	1	-1.42479
[490]	1	1	-1.74276
[491]	1	1	-1.42479
[492]	1	1	-1.56277
[493]	1	1	-1.74276
[494]	1	1	-1.56277
[495]	1	1	-1.74276
[496]	1	1	-1.56277
[497]	1	0	-18.4861
[498]	1	1	-1.45276
[499]	1	1	-1.74276
[500]	1	1	-1.42479
[501]	1	1	-1.45276
[502]	1	1	-1.45276
[503]	1	1	-1.42479
[504]	1	1	-1.56277
[505]	1	1	-1.45276
[506]	1	1	-1.56277
[507]	1	1	-1.45276
[508]	1	1	-1.56277
[509]	1	1	-1.56277
[510]	1	1	-1.45276
[511]	1	1	-1.45276
[512]	1	1	-1.42479
[513]	1	1	-1.42479
[514]	1	1	-1.45276
[515]	1	1	-1.56277
[516]	1	1	-1.56277
[517]	1	1	-1.42479
[518]	1	0	-7.03021
[519]	1	0	-12.1746
[520]	1	1	-1.74276
[521]	1	0	-6.42686
[522]	1	1	-1.42479
[523]	1	1	-1.42479
[524]	1	1	-1.42479
[525]	1	1	-1.56277
[526]	1	1	-1.45276
[527]	1	0	-7.36564
[528]	1	1	-1.45276
[529]	1	1	-1.45276
[530]	1	1	-1.74276
[531]	1	1	-1.56277
[532]	1	1	-1.74276
[533]	1	1	-1.45276
[534]	1	1	-1.56277
[535]	1	1	-1.56277
[536]	1	0	-17.2293
[537]	1	0	-7.06666
[538]	1	1	-1.42479
[539]	1	1	-1.56277
[540]	1	1	-1.74276
[541]	1	1	-1.42479
[542]	1	0	-7.21989
[543]	1	1	-1.42479
[544]	1	1	-1.42479
[545]	1	1	-1.56277
[546]	1	1	-1.45276
[547]	1	0	-7.91107
[548]	1	1	-1.74276
[549]	1	1	-1.42479
[550]	1	1	-1.45276
[551]	1	0	-5.38751
[552]	1	1	-1.74276
[553]	1	1	-1.42479
[554]	1	0	-7.24035
[555]	1	1	-1.45276
[556]	1	1	-1.45276
[557]	1	0	-6.84484
[558]	1	1	-1.45276
[559]	1	1	-1.42479
[560]	1	1	-1.56277
[561]	1	1	-1.74276
[562]	1	1	-1.45276
[563]	1	1	-1.56277
[564]	1	1	-1.56277
[565]	1	1	-1.45276
[566]	1	1	-1.45276
[567]	1	1	-1.42479
[568]	1	1	-1.45276
[569]	1	1	-1.42479
[570]	1	1	-1.42479
[571]	1	1	-1.42479
[572]	1	0	-9.56794
[573]	1	1	-1.56277
[574]	1	1	-1.74276
[575]	1	1	-1.42479
[576]	1	1	-1.42479
[577]	1	1	-1.56277
[578]	1	0	-17.3153
[579]	1	1	-1.56277
[580]	1	1	-1.42479
[581]	1	0	-11.2114
[582]	1	1	-1.56277
[583]	1	1	-1.74276
[584]	1	1	-1.45276
[585]	1	1	-1.56277
[586]	1	1	-1.56277
[587]	1	0	-7.48798
[588]	1	1	-1.42479
[589]	1	1	-1.45276
[590]	1	1	-1.42479
[591]	1	1	-1.45276
[592]	1	1	-1.74276
[593]	1	1	-1.42479
[594]	1	1	-1.45276
[595]	1	1	-1.45276
[596]	1	1	-1.42479
[597]	1	1	-1.56277
[598]	1	1	-1.56277
[599]	1	1	-1.56277
[600]	1	1	-1.45276
[601]	1	1	-1.42479
[602]	1	1	-1.45276
[603]	1	1	-1.42479
[604]	1	1	-1.56277
[605]	1	0	-15.0169
[606]	1	1	-1.42479
[607]	1	1	-1.42479
[608]	1	1	-1.42479
[609]	1	1	-1.45276
[610]	1	1	-1.56277
[611]	1	1	-1.45276
[612]	1	1	-1.42479
[613]	1	1	-1.45276
[614]	1	0	-6.42686
[615]	1	1	-1.45276
[616]	1	1	-1.74276
[617]	1	1	-1.56277
[618]	1	1	-1.56277
[619]	1	1	-1.42479
[620]	1	0	-6.19632
[621]	1	1	-1.74276
[622]	1	1	-1.74276
[623]	1	1	-1.56277
[624]	1	1	-1.74276
[625]	1	1	-1.56277
[626]	1	1	-1.45276
[627]	1	1	-1.42479
[628]	1	1	-1.45276
[629]	1	1	-1.42479
[630]	1	1	-1.56277
[631]	1	1	-1.74276
[632]	1	0	-6.76591
[633]	1	1	-1.56277
[634]	1	1	-1.56277
[635]	1	1	-1.56277
[636]	1	1	-1.45276
[637]	1	1	-1.56277
[638]	1	0	-19.735
[639]	1	1	-1.56277
[640]	1	1	-1.45276
[641]	1	1	-1.42479
[642]	1	1	-1.45276
[643]	1	1	-1.74276
[644]	1	1	-1.42479
[645]	1	1	-1.74276
[646]	1	1	-1.74276
[647]	1	1	-1.56277
[648]	1	1	-1.56277
[649]	1	1	-1.56277
[650]	1	1	-1.45276
[651]	1	1	-1.42479
[652]	1	0	-9.36665
[653]	1	0	-11.9745
[654]	1	1	-1.42479
[655]	1	1	-1.42479
[656]	1	1	-1.74276
[657]	1	1	-1.42479
[658]	1	1	-1.56277
[659]	1	1	-1.56277
[660]	1	1	-1.45276
[661]	1	1	-1.56277
[662]	1	1	-1.42479
[663]	1	1	-1.56277
[664]	1	1	-1.56277
[665]	1	1	-1.45276
[666]	1	1	-1.42479
[667]	1	1	-1.56277
[668]	1	0	-21.4159
[669]	1	1	-1.42479
[670]	1	1	-1.45276
[671]	1	0	-7.24873
[672]	1	1	-1.45276
[673]	1	1	-1.74276
[674]	1	1	-1.45276
[675]	1	1	-1.45276
[676]	1	1	-1.56277
[677]	1	1	-1.56277
[678]	1	1	-1.45276
[679]	1	1	-1.45276
[680]	1	1	-1.42479
[681]	1	1	-1.56277
[682]	1	1	-1.45276
[683]	1	1	-1.56277
[684]	1	1	-1.45276
[685]	1	1	-1.42479
[686]	1	1	-1.56277
[687]	1	1	-1.45276
[688]	1	1	-1.74276
[689]	1	1	-1.42479
[690]	1	1	-1.42479
[691]	1	1	-1.45276
[692]	1	1	-1.56277
[693]	1	1	-1.56277
[694]	1	1	-1.74276
[695]	1	1	-1.42479
[696]	1	1	-1.45276
[697]	1	1	-1.42479
[698]	1	1	-1.56277
[699]	1	1	-1.74276
[700]	1	1	-1.45276
[701]	1	1	-1.74276
[702]	1	1	-1.42479
[703]	1	1	-1.56277
[704]	1	1	-1.56277
[705]	1	1	-1.56277
[706]	1	1	-1.74276
[707]	1	1	-1.42479
[708]	1	1	-1.42479
[709]	1	1	-1.45276
[710]	1	1	-1.42479
[711]	1	1	-1.45276
[712]	1	1	-1.56277
[713]	1	1	-1.74276
[714]	1	1	-1.42479
[715]	1	1	-1.74276
[716]	1	0	-13.8929
[717]	1	1	-1.56277
[718]	1	1	-1.74276
[719]	1	1	-1.56277
[720]	1	1	-1.45276
[721]	1	1	-1.45276
[722]	1	1	-1.56277
[723]	1	1	-1.45276
[724]	1	1	-1.45276
[725]	1	1	-1.42479
[726]	1	1	-1.56277
[727]	1	1	-1.45276
[728]	1	1	-1.42479
[729]	1	1	-1.74276
[730]	1	1	-1.74276
[731]	1	1	-1.56277
[732]	1	1	-1.56277
[733]	1	1	-1.56277
[734]	1	0	-7.39337
[735]	1	1	-1.45276
[736]	1	0	-8.64492
[737]	1	1	-1.56277
[738]	1	1	-1.45276
[739]	1	1	-1.42479
[740]	1	1	-1.56277
[741]	1	1	-1.56277
[742]	1	1	-1.56277
[743]	1	1	-1.56277
[744]	1	1	-1.56277
[745]	1	1	-1.45276
[746]	1	1	-1.42479
[747]	1	1	-1.42479
[748]	1	1	-1.45276
[749]	1	1	-1.74276
[750]	1	1	-1.42479
[751]	1	1	-1.74276
[752]	1	1	-1.42479
[753]	1	1	-1.56277
[754]	1	1	-1.74276
[755]	1	1	-1.74276
[756]	1	1	-1.42479
[757]	1	1	-1.42479
[758]	1	1	-1.74276
[759]	1	1	-1.42479
[760]	1	1	-1.45276
[761]	1	1	-1.45276
[762]	1	1	-1.56277
[763]	1	1	-1.74276
[764]	1	1	-1.56277
[765]	1	1	-1.56277
[766]	1	1	-1.45276
[767]	1	1	-1.42479
[768]	1	1	-1.74276
[769]	1	1	-1.74276
[770]	1	1	-1.74276
[771]	1	1	-1.42479
[772]	1	1	-1.56277
[773]	1	1	-1.74276
[774]	1	1	-1.74276
[775]	1	1	-1.74276
[776]	1	1	-1.74276
[777]	1	1	-1.42479
[778]	1	1	-1.74276
[779]	1	1	-1.42479
[780]	1	1	-1.74276
[781]	1	1	-1.42479
[782]	1	1	-1.56277
[783]	1	1	-1.74276
[784]	1	1	-1.74276
[785]	1	1	-1.56277
[786]	1	1	-1.56277
[787]	1	1	-1.74276
[788]	1	1	-1.42479
[789]	1	1	-1.56277
[790]	1	1	-1.74276
[791]	1	1	-1.42479
[792]	1	1	-1.42479
[793]	1	1	-1.42479
[794]	1	1	-1.42479
[795]	1	1	-1.45276
[796]	1	1	-1.45276
[797]	1	1	-1.74276
[798]	1	1	-1.42479
[799]	1	1	-1.74276
[800]	1	1	-1.42479
[801]	1	1	-1.74276
[802]	1	1	-1.45276
[803]	1	0	-25.6967
[804]	1	1	-1.42479
[805]	1	1	-1.45276
[806]	1	1	-1.42479
[807]	1	1	-1.42479
[808]	1	1	-1.56277
[809]	1	1	-1.45276
[810]	1	1	-1.74276
[811]	1	1	-1.74276
[812]	1	1	-1.74276
[813]	1	1	-1.42479
[814]	1	1	-1.45276
[815]	1	1	-1.42479
[816]	1	1	-1.56277
[817]	1	1	-1.45276
[818]	1	0	-7.98623
[819]	1	1	-1.74276
[820]	1	1	-1.42479
[821]	1	1	-1.42479
[822]	1	1	-1.45276
[823]	1	1	-1.45276
[824]	1	1	-1.42479
[825]	1	1	-1.56277
[826]	1	0	-12.9542
[827]	1	1	-1.42479
[828]	1	1	-1.56277
[829]	1	1	-1.74276
[830]	1	1	-1.56277
[831]	1	1	-1.56277
[832]	1	1	-1.74276
[833]	1	1	-1.42479
[834]	1	1	-1.45276
[835]	1	1	-1.45276
[836]	1	1	-1.56277
[837]	1	1	-1.56277
[838]	1	1	-1.74276
[839]	1	1	-1.56277
[840]	1	1	-1.56277
[841]	1	1	-1.74276
[842]	1	1	-1.42479
[843]	1	1	-1.74276
[844]	1	1	-1.42479
[845]	1	1	-1.56277
[846]	1	1	-1.56277
[847]	1	1	-1.42479
[848]	1	1	-1.42479
[849]	1	1	-1.74276
[850]	1	1	-1.56277
[851]	1	1	-1.45276
[852]	1	1	-1.42479
[853]	1	1	-1.45276
[854]	1	1	-1.45276
[855]	1	1	-1.42479
[856]	1	1	-1.56277
[857]	1	1	-1.45276
[858]	1	1	-1.42479
[859]	1	1	-1.56277
[860]	1	1	-1.56277
[861]	1	1	-1.45276
[862]	1	1	-1.74276
[863]	1	1	-1.42479
[864]	1	0	-7.31865
[865]	1	1	-1.74276
[866]	1	1	-1.42479
[867]	1	1	-1.45276
[868]	1	1	-1.45276
[869]	1	1	-1.42479
[870]	1	1	-1.56277
[871]	1	1	-1.45276
[872]	1	1	-1.56277
[873]	1	1	-1.56277
[874]	1	1	-1.45276
[875]	1	1	-1.56277
[876]	1	0	-5.30782
[877]	1	1	-1.56277
[878]	1	0	-6.94769
[879]	1	1	-1.56277
[880]	1	1	-1.74276
[881]	1	1	-1.56277
[882]	1	1	-1.74276
[883]	1	1	-1.45276
[884]	1	1	-1.56277
[885]	1	1	-1.45276
[886]	1	1	-1.74276
[887]	1	1	-1.56277
[888]	1	1	-1.45276
[889]	1	1	-1.45276
[890]	1	1	-1.56277
[891]	1	1	-1.56277
[892]	1	1	-1.74276
[893]	1	1	-1.56277
[894]	1	1	-1.45276
[895]	1	1	-1.74276
[896]	1	1	-1.56277
[897]	1	1	-1.74276
[898]	1	1	-1.56277
[899]	1	1	-1.56277
[900]	1	1	-1.45276
[901]	1	0	-8.89595
[902]	1	1	-1.56277
[903]	1	1	-1.56277
[904]	1	1	-1.74276
[905]	1	0	-6.44652
[906]	1	1	-1.74276
[907]	1	1	-1.45276
[908]	1	1	-1.56277
[909]	1	1	-1.56277
[910]	1	1	-1.45276
[911]	1	1	-1.56277
[912]	1	1	-1.56277
[913]	1	1	-1.45276
[914]	1	1	-1.42479
[915]	1	1	-1.56277
[916]	1	1	-1.74276
[917]	1	1	-1.74276
[918]	1	1	-1.42479
[919]	1	1	-1.42479
[920]	1	1	-1.74276
[921]	1	1	-1.42479
[922]	1	1	-1.45276
[923]	1	1	-1.42479
[924]	1	1	-1.45276
[925]	1	1	-1.74276
[926]	1	1	-1.56277
[927]	1	1	-1.56277
[928]	1	1	-1.56277
[929]	1	0	-17.7865
[930]	1	0	-8.42502
[931]	1	1	-1.56277
[932]	1	1	-1.74276
[933]	1	1	-1.42479
[934]	1	1	-1.45276
[935]	1	1	-1.56277
[936]	1	1	-1.74276
[937]	1	1	-1.74276
[938]	1	1	-1.56277
[939]	1	1	-1.74276
[940]	1	1	-1.74276
[941]	1	0	-12.8441
[942]	1	1	-1.42479
[943]	1	1	-1.74276
[944]	1	1	-1.45276
[945]	1	1	-1.42479
[946]	1	1	-1.45276
[947]	1	1	-1.56277
[948]	1	1	-1.45276
[949]	1	1	-1.74276
[950]	1	0	-5.49932
[951]	1	1	-1.42479
[952]	1	1	-1.74276
[953]	1	1	-1.56277
[954]	1	1	-1.74276
[955]	1	1	-1.56277
[956]	1	1	-1.56277
[957]	1	1	-1.56277
[958]	1	1	-1.45276
[959]	1	0	-5.65362
[960]	1	1	-1.42479
[961]	1	1	-1.45276
[962]	1	0	-6.63328
[963]	1	1	-1.45276
[964]	1	1	-1.45276
[965]	1	1	-1.56277
[966]	1	1	-1.74276
[967]	1	1	-1.74276
[968]	1	1	-1.56277
[969]	1	1	-1.56277
[970]	1	1	-1.74276
[971]	1	1	-1.56277
[972]	1	1	-1.45276
[973]	1	1	-1.56277
[974]	1	1	-1.56277
[975]	1	1	-1.45276
[976]	1	1	-1.42479
[977]	1	1	-1.56277
[978]	1	1	-1.45276
[979]	1	1	-1.56277
[980]	1	1	-1.56277
[981]	1	1	-1.74276
[982]	1	1	-1.74276
[983]	1	1	-1.45276
[984]	1	1	-1.56277
[985]	1	1	-1.45276
[986]	1	1	-1.42479
[987]	1	1	-1.42479
[988]	1	1	-1.74276
[989]	1	1	-1.74276
[990]	1	1	-1.74276
[991]	1	1	-1.74276
[992]	1	1	-1.56277
[993]	1	1	-1.74276
[994]	1	1	-1.74276
[995]	1	1	-1.74276
[996]	1	1	-1.74276
[997]	1	1	-1.56277
[998]	1	1	-1.56277
[999]	1	1	-1.74276
[1000]	1	1	-1.56277
[1001]	1	1	-1.74276
[1002]	1	1	-1.42479
[1003]	1	1	-1.56277
[1004]	1	1	-1.56277
[1005]	1	1	-1.74276
[1006]	1	1	-1.42479
[1007]	1	1	-1.56277
[1008]	1	1	-1.45276
[1009]	1	1	-1.42479
[1010]	1	1	-1.56277
[1011]	1	0	-16.7228
[1012]	1	1	-1.74276
[1013]	1	1	-1.74276
[1014]	1	1	-1.42479
[1015]	1	1	-1.56277
[1016]	1	1	-1.56277
[1017]	1	0	-8.04707
[1018]	1	1	-1.74276
[1019]	1	1	-1.42479
[1020]	1	1	-1.42479
[1021]	1	1	-1.45276
[1022]	1	1	-1.74276
[1023]	1	1	-1.42479
[1024]	1	1	-1.56277
[1025]	1	1	-1.56277
[1026]	1	1	-1.45276
[1027]	1	1	-1.56277
[1028]	1	1	-1.56277
[1029]	1	1	-1.56277
[1030]	1	1	-1.74276
[1031]	1	1	-1.42479
[1032]	1	1	-1.45276
[1033]	1	0	-6.42686
[1034]	1	0	-7.12904
[1035]	1	1	-1.45276
[1036]	1	1	-1.45276
[1037]	1	1	-1.42479
[1038]	1	1	-1.45276
[1039]	1	1	-1.45276
[1040]	1	1	-1.45276
[1041]	1	1	-1.42479
[1042]	1	1	-1.56277
[1043]	1	0	-5.49932
[1044]	1	1	-1.42479
[1045]	1	1	-1.45276
[1046]	1	1	-1.45276
[1047]	1	1	-1.45276
[1048]	1	1	-1.45276
[1049]	1	1	-1.42479
[1050]	1	1	-1.74276
[1051]	1	1	-1.74276
[1052]	1	1	-1.56277
[1053]	1	1	-1.56277
[1054]	1	1	-1.45276
[1055]	1	1	-1.45276
[1056]	1	1	-1.42479
[1057]	1	1	-1.56277
[1058]	1	1	-1.74276
[1059]	1	1	-1.56277
[1060]	1	1	-1.45276
[1061]	1	0	-6.19632
[1062]	1	1	-1.56277
[1063]	1	1	-1.74276
[1064]	1	1	-1.42479
[1065]	1	1	-1.45276
[1066]	1	1	-1.56277
[1067]	1	1	-1.56277
[1068]	1	1	-1.45276
[1069]	1	1	-1.45276
[1070]	1	1	-1.42479
[1071]	1	1	-1.45276
[1072]	1	1	-1.45276
[1073]	1	1	-1.42479
[1074]	1	1	-1.74276
[1075]	1	1	-1.74276
[1076]	1	1	-1.56277
[1077]	1	1	-1.56277
[1078]	1	1	-1.42479
[1079]	1	0	-6.00925
[1080]	1	1	-1.74276
[1081]	1	1	-1.42479
[1082]	1	1	-1.42479
[1083]	1	1	-1.42479
[1084]	1	1	-1.45276
[1085]	1	1	-1.56277
[1086]	1	1	-1.74276
[1087]	1	1	-1.74276
[1088]	1	1	-1.74276
[1089]	1	1	-1.42479
[1090]	1	1	-1.56277
[1091]	1	1	-1.74276
[1092]	1	1	-1.42479
[1093]	1	1	-1.56277
[1094]	1	0	-6.76591
[1095]	1	1	-1.42479
[1096]	1	1	-1.45276
[1097]	1	0	-11.1717
[1098]	1	1	-1.56277
[1099]	1	1	-1.56277
[1100]	1	1	-1.74276
[1101]	1	1	-1.42479
[1102]	1	1	-1.45276
[1103]	1	1	-1.42479
[1104]	1	1	-1.42479
[1105]	1	1	-1.45276
[1106]	1	1	-1.56277
[1107]	1	1	-1.74276
[1108]	1	1	-1.42479
[1109]	1	1	-1.74276
[1110]	1	1	-1.42479
[1111]	1	1	-1.56277
[1112]	1	1	-1.56277
[1113]	1	1	-1.56277
[1114]	1	1	-1.56277
[1115]	1	0	-24.8951
[1116]	1	1	-1.42479
[1117]	1	1	-1.74276
[1118]	1	1	-1.42479
[1119]	1	1	-1.42479
[1120]	1	1	-1.74276
[1121]	1	1	-1.42479
[1122]	1	1	-1.42479
[1123]	1	1	-1.74276
[1124]	1	1	-1.42479
[1125]	1	1	-1.42479
[1126]	1	0	-7.48798
[1127]	1	1	-1.42479
[1128]	1	1	-1.56277
[1129]	1	1	-1.74276
[1130]	1	1	-1.56277
[1131]	1	1	-1.56277
[1132]	1	1	-1.56277
[1133]	1	1	-1.74276
[1134]	1	1	-1.42479
[1135]	1	1	-1.45276
[1136]	1	1	-1.42479
[1137]	1	1	-1.42479
[1138]	1	1	-1.42479
[1139]	1	1	-1.56277
[1140]	1	1	-1.45276
[1141]	1	0	-6.94023
[1142]	1	0	-13.1444
[1143]	1	1	-1.42479
[1144]	1	1	-1.45276
[1145]	1	1	-1.42479
[1146]	1	1	-1.45276
[1147]	1	0	-8.52698
[1148]	1	1	-1.42479
[1149]	1	1	-1.42479
[1150]	1	1	-1.42479
[1151]	1	1	-1.56277
