Sites	is.complete	is.constant	lnL
[0]	1	1	-1.47913
[1]	1	1	-1.77167
[2]	1	1	-1.45531
[3]	1	1	-1.45531
[4]	1	1	-1.59192
[5]	1	1	-1.45531
[6]	1	1	-1.45531
[7]	1	0	-7.40361
[8]	1	1	-1.45531
[9]	1	1	-1.59192
[10]	1	0	-7.609
[11]	1	0	-5.41803
[12]	1	1	-1.59192
[13]	1	1	-1.47913
[14]	1	1	-1.45531
[15]	1	1	-1.59192
[16]	1	1	-1.59192
[17]	1	1	-1.59192
[18]	1	1	-1.59192
[19]	1	1	-1.77167
[20]	1	1	-1.45531
[21]	1	0	-7.64163
[22]	1	1	-1.59192
[23]	1	0	-6.34222
[24]	1	1	-1.59192
[25]	1	1	-1.77167
[26]	1	0	-6.45738
[27]	1	1	-1.59192
[28]	1	1	-1.47913
[29]	1	0	-5.68
[30]	1	1	-1.59192
[31]	1	1	-1.77167
[32]	1	1	-1.45531
[33]	1	1	-1.45531
[34]	1	1	-1.47913
[35]	1	0	-5.33379
[36]	1	1	-1.59192
[37]	1	1	-1.47913
[38]	1	0	-9.17113
[39]	1	1	-1.77167
[40]	1	1	-1.77167
[41]	1	1	-1.45531
[42]	1	1	-1.77167
[43]	1	1	-1.77167
[44]	1	1	-1.45531
[45]	1	1	-1.47913
[46]	1	1	-1.47913
[47]	1	0	-7.35697
[48]	1	1	-1.59192
[49]	1	1	-1.59192
[50]	1	1	-1.45531
[51]	1	1	-1.59192
[52]	1	1	-1.45531
[53]	1	1	-1.47913
[54]	1	1	-1.59192
[55]	1	1	-1.59192
[56]	1	0	-23.362
[57]	1	1	-1.47913
[58]	1	1	-1.45531
[59]	1	0	-10.6088
[60]	1	1	-1.45531
[61]	1	1	-1.47913
[62]	1	1	-1.45531
[63]	1	1	-1.45531
[64]	1	0	-9.10141
[65]	1	1	-1.45531
[66]	1	1	-1.45531
[67]	1	1	-1.47913
[68]	1	0	-8.54101
[69]	1	1	-1.59192
[70]	1	1	-1.59192
[71]	1	0	-12.7969
[72]	1	1	-1.45531
[73]	1	1	-1.47913
[74]	1	0	-13.7531
[75]	1	1	-1.45531
[76]	1	1	-1.59192
[77]	1	1	-1.45531
[78]	1	1	-1.45531
[79]	1	1	-1.47913
[80]	1	1	-1.59192
[81]	1	1	-1.59192
[82]	1	0	-7.35697
[83]	1	1	-1.59192
[84]	1	1	-1.45531
[85]	1	1	-1.47913
[86]	1	1	-1.45531
[87]	1	1	-1.45531
[88]	1	1	-1.47913
[89]	1	0	-6.85291
[90]	1	1	-1.45531
[91]	1	1	-1.59192
[92]	1	0	-7.36838
[93]	1	1	-1.47913
[94]	1	1	-1.59192
[95]	1	1	-1.77167
[96]	1	1	-1.45531
[97]	1	1	-1.59192
[98]	1	1	-1.77167
[99]	1	1	-1.45531
[100]	1	1	-1.59192
[101]	1	1	-1.59192
[102]	1	1	-1.47913
[103]	1	1	-1.45531
[104]	1	0	-6.93141
[105]	1	1	-1.45531
[106]	1	1	-1.77167
[107]	1	0	-11.7348
[108]	1	1	-1.47913
[109]	1	1	-1.77167
[110]	1	1	-1.77167
[111]	1	1	-1.45531
[112]	1	1	-1.47913
[113]	1	1	-1.59192
[114]	1	1	-1.47913
[115]	1	0	-5.41803
[116]	1	1	-1.45531
[117]	1	1	-1.77167
[118]	1	1	-1.77167
[119]	1	1	-1.77167
[120]	1	1	-1.45531
[121]	1	1	-1.47913
[122]	1	1	-1.77167
[123]	1	1	-1.45531
[124]	1	1	-1.47913
[125]	1	1	-1.47913
[126]	1	1	-1.45531
[127]	1	1	-1.45531
[128]	1	1	-1.45531
[129]	1	1	-1.45531
[130]	1	1	-1.47913
[131]	1	0	-7.43039
[132]	1	1	-1.45531
[133]	1	1	-1.47913
[134]	1	1	-1.77167
[135]	1	1	-1.45531
[136]	1	1	-1.45531
[137]	1	1	-1.45531
[138]	1	1	-1.45531
[139]	1	1	-1.47913
[140]	1	1	-1.47913
[141]	1	0	-5.42523
[142]	1	1	-1.45531
[143]	1	1	-1.77167
[144]	1	1	-1.45531
[145]	1	1	-1.47913
[146]	1	1	-1.77167
[147]	1	1	-1.77167
[148]	1	1	-1.77167
[149]	1	1	-1.59192
[150]	1	1	-1.59192
[151]	1	1	-1.77167
[152]	1	1	-1.47913
[153]	1	0	-8.03296
[154]	1	0	-8.37058
[155]	1	1	-1.47913
[156]	1	1	-1.45531
[157]	1	1	-1.77167
[158]	1	1	-1.45531
[159]	1	1	-1.45531
[160]	1	1	-1.45531
[161]	1	1	-1.77167
[162]	1	1	-1.47913
[163]	1	1	-1.45531
[164]	1	1	-1.59192
[165]	1	1	-1.47913
[166]	1	1	-1.77167
[167]	1	1	-1.77167
[168]	1	1	-1.47913
[169]	1	1	-1.45531
[170]	1	1	-1.47913
[171]	1	1	-1.47913
[172]	1	1	-1.47913
[173]	1	1	-1.47913
[174]	1	0	-7.34567
[175]	1	0	-7.24873
[176]	1	1	-1.45531
[177]	1	1	-1.45531
[178]	1	1	-1.59192
[179]	1	1	-1.47913
[180]	1	1	-1.77167
[181]	1	1	-1.59192
[182]	1	1	-1.47913
[183]	1	1	-1.45531
[184]	1	0	-6.22548
[185]	1	1	-1.59192
[186]	1	1	-1.77167
[187]	1	1	-1.59192
[188]	1	1	-1.59192
[189]	1	1	-1.59192
[190]	1	1	-1.77167
[191]	1	0	-7.96488
[192]	1	1	-1.77167
[193]	1	1	-1.77167
[194]	1	1	-1.45531
[195]	1	0	-1.45531
[196]	1	1	-1.47913
[197]	1	0	-7.73064
[198]	1	1	-1.47913
[199]	1	1	-1.59192
[200]	1	0	-8.01351
[201]	1	1	-1.45531
[202]	1	1	-1.47913
[203]	1	1	-1.59192
[204]	1	1	-1.47913
[205]	1	0	-8.64481
[206]	1	1	-1.47913
[207]	1	1	-1.47913
[208]	1	1	-1.45531
[209]	1	1	-1.45531
[210]	1	1	-1.77167
[211]	1	1	-1.47913
[212]	1	1	-1.77167
[213]	1	1	-1.77167
[214]	1	0	-8.03296
[215]	1	0	-6.22548
[216]	1	1	-1.45531
[217]	1	1	-1.45531
[218]	1	1	-1.59192
[219]	1	1	-1.47913
[220]	1	0	-6.86448
[221]	1	1	-1.47913
[222]	1	1	-1.47913
[223]	1	1	-1.59192
[224]	1	1	-1.59192
[225]	1	1	-1.47913
[226]	1	1	-1.59192
[227]	1	0	-9.10141
[228]	1	0	-9.28138
[229]	1	1	-1.59192
[230]	1	1	-1.77167
[231]	1	1	-1.47913
[232]	1	1	-1.45531
[233]	1	1	-1.47913
[234]	1	1	-1.47913
[235]	1	0	-6.29992
[236]	1	1	-1.47913
[237]	1	1	-1.45531
[238]	1	1	-1.59192
[239]	1	0	-6.60184
[240]	1	1	-1.77167
[241]	1	1	-1.45531
[242]	1	1	-1.45531
[243]	1	1	-1.47913
[244]	1	0	-7.34298
[245]	1	1	-1.77167
[246]	1	1	-1.45531
[247]	1	1	-1.47913
[248]	1	1	-1.47913
[249]	1	1	-1.45531
[250]	1	1	-1.47913
[251]	1	1	-1.59192
[252]	1	1	-1.59192
[253]	1	1	-1.47913
[254]	1	0	-12.7714
[255]	1	1	-1.77167
[256]	1	1	-1.45531
[257]	1	1	-1.45531
[258]	1	1	-1.45531
[259]	1	1	-1.47913
[260]	1	0	-7.18944
[261]	1	1	-1.59192
[262]	1	1	-1.47913
[263]	1	1	-1.45531
[264]	1	1	-1.47913
[265]	1	1	-1.59192
[266]	1	1	-1.77167
[267]	1	1	-1.59192
[268]	1	1	-1.77167
[269]	1	1	-1.45531
[270]	1	1	-1.59192
[271]	1	1	-1.59192
[272]	1	1	-1.47913
[273]	1	0	-7.62928
[274]	1	1	-1.45531
[275]	1	1	-1.47913
[276]	1	1	-1.77167
[277]	1	0	-7.35697
[278]	1	0	-5.42523
[279]	1	1	-1.77167
[280]	1	1	-1.59192
[281]	1	1	-1.77167
[282]	1	1	-1.45531
[283]	1	1	-1.47913
[284]	1	0	-23.2659
[285]	1	1	-1.45531
[286]	1	1	-1.47913
[287]	1	1	-1.45531
[288]	1	1	-1.45531
[289]	1	1	-1.47913
[290]	1	1	-1.47913
[291]	1	1	-1.47913
[292]	1	1	-1.77167
[293]	1	1	-1.47913
[294]	1	0	-6.96052
[295]	1	1	-1.59192
[296]	1	1	-1.77167
[297]	1	1	-1.45531
[298]	1	1	-1.47913
[299]	1	0	-7.70867
[300]	1	1	-1.45531
[301]	1	1	-1.47913
[302]	1	1	-1.45531
[303]	1	1	-1.45531
[304]	1	1	-1.47913
[305]	1	0	-8.20693
[306]	1	1	-1.45531
[307]	1	0	-7.53563
[308]	1	0	-6.45738
[309]	1	1	-1.77167
[310]	1	0	-7.03312
[311]	1	1	-1.77167
[312]	1	1	-1.45531
[313]	1	1	-1.45531
[314]	1	1	-1.47913
[315]	1	0	-9.08334
[316]	1	1	-1.47913
[317]	1	1	-1.77167
[318]	1	1	-1.45531
[319]	1	0	-5.33379
[320]	1	1	-1.47913
[321]	1	1	-1.45531
[322]	1	0	-5.68
[323]	1	1	-1.77167
[324]	1	1	-1.77167
[325]	1	0	-6.22548
[326]	1	0	-15.0852
[327]	1	1	-1.45531
[328]	1	1	-1.47913
[329]	1	1	-1.45531
[330]	1	1	-1.45531
[331]	1	0	-7.64163
[332]	1	1	-1.47913
[333]	1	1	-1.59192
[334]	1	1	-1.77167
[335]	1	1	-1.45531
[336]	1	1	-1.45531
[337]	1	0	-6.78729
[338]	1	1	-1.77167
[339]	1	1	-1.59192
[340]	1	1	-1.77167
[341]	1	1	-1.45531
[342]	1	1	-1.45531
[343]	1	1	-1.47913
[344]	1	1	-1.45531
[345]	1	1	-1.45531
[346]	1	1	-1.47913
[347]	1	0	-5.98319
[348]	1	0	-7.59535
[349]	1	0	-9.21011
[350]	1	1	-1.77167
[351]	1	1	-1.45531
[352]	1	1	-1.47913
[353]	1	0	-7.83774
[354]	1	1	-1.45531
[355]	1	1	-1.47913
[356]	1	0	-19.7105
[357]	1	1	-1.45531
[358]	1	1	-1.47913
[359]	1	0	-14.851
[360]	1	1	-1.45531
[361]	1	1	-1.47913
[362]	1	0	-7.36149
[363]	1	0	-12.0835
[364]	1	0	-12.2296
[365]	1	1	-1.45531
[366]	1	0	-6.03977
[367]	1	1	-1.45531
[368]	1	0	-8.65406
[369]	1	0	-7.62928
[370]	1	1	-1.59192
[371]	1	1	-1.77167
[372]	1	1	-1.45531
[373]	1	1	-1.59192
[374]	1	1	-1.77167
[375]	1	1	-1.45531
[376]	1	1	-1.47913
[377]	1	1	-1.45531
[378]	1	0	-6.45738
[379]	1	1	-1.47913
[380]	1	1	-1.47913
[381]	1	1	-1.59192
[382]	1	1	-1.47913
[383]	1	0	-7.27924
[384]	1	1	-1.45531
[385]	1	1	-1.47913
[386]	1	1	-1.45531
[387]	1	1	-1.77167
[388]	1	0	-7.39609
[389]	1	1	-1.77167
[390]	1	0	-5.41803
[391]	1	0	-6.45738
[392]	1	0	-7.83774
[393]	1	1	-1.45531
[394]	1	0	-7.34707
[395]	1	0	-5.52784
[396]	1	1	-1.59192
[397]	1	1	-1.47913
[398]	1	0	-7.02943
[399]	1	0	-10.8734
[400]	1	1	-1.45531
[401]	1	1	-1.45531
[402]	1	1	-1.45531
[403]	1	1	-1.47913
[404]	1	0	-6.03977
[405]	0	0	-1.35401
[406]	0	0	-1.35401
[407]	0	0	-1.45424
[408]	0	0	-1.35401
[409]	0	0	-1.35401
[410]	0	0	-1.31974
[411]	1	1	-1.47913
[412]	1	1	-1.45531
[413]	1	1	-1.59192
[414]	1	1	-1.47913
[415]	1	1	-1.47913
[416]	1	1	-1.45531
[417]	1	1	-1.47913
[418]	1	1	-1.47913
[419]	1	0	-6.45738
[420]	1	1	-1.47913
[421]	1	1	-1.45531
[422]	1	1	-1.59192
[423]	1	1	-1.47913
[424]	1	1	-1.45531
[425]	1	1	-1.47913
[426]	1	0	-8.95334
[427]	1	1	-1.45531
[428]	1	1	-1.59192
[429]	1	0	-13.8158
[430]	1	0	-8.35339
[431]	1	1	-1.59192
[432]	1	1	-1.77167
[433]	1	1	-1.59192
[434]	1	1	-1.77167
[435]	1	1	-1.45531
[436]	1	1	-1.59192
[437]	1	0	-8.05891
[438]	1	1	-1.47913
[439]	1	1	-1.47913
[440]	1	0	-11.0655
[441]	1	0	-6.60184
[442]	1	1	-1.59192
[443]	1	0	-7.43139
[444]	1	1	-1.59192
[445]	1	0	-12.7969
[446]	1	0	-16.7165
[447]	1	0	-7.96259
[448]	1	1	-1.45531
[449]	1	1	-1.59192
[450]	1	1	-1.77167
[451]	1	1	-1.77167
[452]	1	1	-1.59192
[453]	1	1	-1.47913
[454]	1	1	-1.45531
[455]	1	1	-1.77167
[456]	1	1	-1.45531
[457]	1	1	-1.77167
[458]	1	1	-1.59192
[459]	1	1	-1.59192
[460]	1	1	-1.47913
[461]	1	1	-1.45531
[462]	1	1	-1.47913
[463]	1	0	-9.68419
[464]	1	0	-7.37062
[465]	1	1	-1.47913
[466]	1	1	-1.77167
[467]	1	1	-1.59192
[468]	1	0	-7.43139
[469]	1	0	-7.712
[470]	1	1	-1.77167
[471]	1	0	-6.03977
[472]	1	1	-1.47913
[473]	1	1	-1.59192
[474]	1	0	-7.83774
[475]	1	1	-1.77167
[476]	1	1	-1.77167
[477]	1	1	-1.45531
[478]	1	1	-1.47913
[479]	1	1	-1.45531
[480]	1	0	-5.68
[481]	1	1	-1.47913
[482]	1	0	-10.961
[483]	1	1	-1.77167
[484]	1	1	-1.77167
[485]	1	1	-1.77167
[486]	1	1	-1.47913
[487]	1	1	-1.59192
[488]	1	0	-7.36838
[489]	1	0	-11.776
[490]	1	1	-1.47913
[491]	1	1	-1.45531
[492]	1	1	-1.45531
[493]	1	1	-1.45531
[494]	1	1	-1.47913
[495]	1	0	-5.68
[496]	1	1	-1.77167
[497]	1	1	-1.45531
[498]	1	1	-1.45531
[499]	1	1	-1.47913
[500]	1	1	-1.77167
[501]	1	1	-1.45531
[502]	1	0	-5.98319
[503]	1	1	-1.59192
[504]	1	1	-1.59192
[505]	1	0	-5.85569
[506]	1	1	-1.77167
[507]	1	1	-1.45531
[508]	1	1	-1.45531
[509]	1	1	-1.45531
[510]	1	1	-1.47913
[511]	1	1	-1.45531
[512]	1	1	-1.59192
[513]	1	1	-1.47913
[514]	1	1	-1.45531
[515]	1	1	-1.77167
[516]	1	1	-1.45531
[517]	1	1	-1.47913
[518]	1	1	-1.45531
[519]	1	1	-1.45531
[520]	1	1	-1.47913
[521]	1	1	-1.45531
[522]	1	1	-1.45531
[523]	1	1	-1.47913
[524]	1	1	-1.45531
[525]	1	1	-1.45531
[526]	1	1	-1.47913
[527]	1	0	-7.26025
[531]	1	1	-1.45531
[532]	1	1	-1.47913
[533]	1	0	-15.222
[537]	1	1	-1.45531
[538]	1	0	-5.68
[539]	1	0	-7.43139
[540]	1	1	-1.45531
[541]	1	1	-1.47913
[542]	1	1	-1.45531
[543]	1	1	-1.47913
[544]	1	1	-1.45531
[545]	1	1	-1.77167
[546]	1	1	-1.45531
[547]	1	1	-1.45531
[548]	1	1	-1.59192
[549]	1	1	-1.47913
[550]	1	1	-1.77167
[551]	1	1	-1.45531
[552]	1	1	-1.45531
[553]	1	1	-1.47913
[554]	1	0	-7.47744
[555]	1	1	-1.45531
[556]	1	1	-1.47913
[557]	1	1	-1.47913
[558]	1	1	-1.45531
[559]	1	0	-7.40361
[560]	1	1	-1.45531
[561]	1	1	-1.45531
[562]	1	0	-5.68
[563]	1	1	-1.77167
[564]	1	1	-1.45531
[565]	1	1	-1.47913
[566]	1	0	-18.1466
[567]	1	1	-1.45531
[568]	1	0	-8.63727
[569]	1	0	-7.43102
[570]	1	1	-1.45531
[571]	1	1	-1.47913
[572]	1	0	-5.68
[573]	1	0	-7.96259
[574]	1	1	-1.47913
[575]	1	1	-1.59192
[576]	1	1	-1.77167
[577]	1	0	-6.96834
[578]	1	1	-1.59192
[579]	1	0	-7.05928
[580]	1	1	-1.47913
[581]	1	0	-8.67605
[582]	1	1	-1.45531
[583]	1	1	-1.45531
[584]	1	0	-9.59486
[585]	1	0	-7.43954
[586]	1	1	-1.47913
[587]	1	1	-1.45531
[588]	1	1	-1.47913
[589]	1	1	-1.45531
[590]	1	0	-7.59535
[591]	1	1	-1.45531
[592]	1	1	-1.47913
[593]	1	0	-7.40361
[594]	1	1	-1.45531
[595]	1	1	-1.47913
[596]	1	1	-1.47913
[609]	1	1	-1.45531
[610]	1	1	-1.47913
[611]	1	1	-1.59192
[612]	1	1	-1.47913
[613]	1	1	-1.45531
[614]	1	1	-1.45531
[615]	1	1	-1.45531
[616]	1	0	-8.36183
[617]	1	0	-11.2851
[618]	1	0	-6.03977
[619]	1	0	-9.63263
[620]	1	0	-11.9396
[621]	1	1	-1.45531
[622]	1	1	-1.47913
[623]	1	0	-5.52784
[624]	1	0	-5.68
[625]	1	1	-1.45531
[626]	1	0	-10.8027
[627]	1	1	-1.47913
[628]	1	1	-1.47913
[629]	1	1	-1.59192
[630]	1	1	-1.47913
[631]	1	1	-1.45531
[632]	1	0	-5.85569
[633]	1	1	-1.45531
[634]	1	0	-8.2927
[635]	1	0	-7.08428
[636]	1	1	-1.45531
[637]	1	1	-1.47913
[638]	1	0	-5.52784
[639]	1	0	-7.43102
[640]	1	0	-5.68
[641]	1	1	-1.77167
[642]	1	0	-5.72221
[643]	1	0	-5.72221
[644]	1	1	-1.77167
[645]	1	1	-1.45531
[646]	1	0	-5.85569
[647]	1	1	-1.45531
[648]	1	1	-1.45531
[649]	1	1	-1.77167
[650]	1	1	-1.45531
[651]	1	1	-1.47913
[652]	1	1	-1.77167
[653]	1	1	-1.45531
[654]	1	1	-1.47913
[655]	1	1	-1.59192
[656]	1	1	-1.59192
[657]	1	1	-1.77167
[658]	1	1	-1.77167
[659]	1	1	-1.59192
[660]	1	1	-1.77167
[661]	1	1	-1.59192
[662]	1	0	-11.0746
[663]	1	0	-11.5611
[664]	1	0	-7.39609
[665]	1	0	-13.6606
[666]	1	0	-7.27924
[667]	1	0	-5.85569
[668]	1	0	-7.65676
[669]	1	1	-1.47913
[670]	1	0	-8.74793
[671]	1	1	-1.47913
[672]	1	1	-1.45531
[673]	1	1	-1.77167
[674]	1	1	-1.77167
[675]	1	1	-1.77167
[676]	1	1	-1.59192
[677]	1	0	-8.55584
[678]	1	1	-1.45531
[679]	1	1	-1.47913
[680]	1	1	-1.45531
[681]	1	1	-1.45531
[682]	1	1	-1.47913
[683]	1	0	-8.80085
[684]	1	1	-1.45531
[685]	1	1	-1.77167
[686]	1	1	-1.45531
[687]	1	1	-1.45531
[688]	1	1	-1.47913
[689]	1	0	-9.62539
[690]	1	1	-1.47913
[691]	1	1	-1.47913
[692]	1	1	-1.47913
[693]	1	1	-1.45531
[694]	1	1	-1.45531
[695]	1	1	-1.47913
[696]	1	1	-1.47913
[697]	1	1	-1.45531
[698]	1	1	-1.47913
[699]	1	1	-1.45531
[700]	1	1	-1.59192
[701]	1	0	-7.84658
[702]	1	1	-1.45531
[703]	1	1	-1.77167
[704]	1	1	-1.45531
[705]	1	1	-1.47913
[706]	1	1	-1.47913
[707]	1	1	-1.45531
[708]	1	1	-1.47913
[709]	1	1	-1.47913
[710]	1	1	-1.59192
[711]	1	1	-1.59192
[712]	1	1	-1.47913
[713]	1	1	-1.45531
[714]	1	1	-1.47913
[715]	1	1	-1.77167
[716]	1	1	-1.47913
[717]	1	1	-1.45531
[718]	1	1	-1.59192
[719]	1	1	-1.47913
[720]	1	1	-1.59192
[721]	1	1	-1.77167
[722]	1	1	-1.45531
[723]	1	1	-1.77167
[724]	1	1	-1.45531
[725]	1	1	-1.45531
[726]	1	1	-1.45531
[727]	1	1	-1.47913
[728]	1	1	-1.59192
[729]	1	1	-1.59192
[730]	1	1	-1.47913
[731]	1	1	-1.45531
[732]	1	1	-1.59192
[733]	1	1	-1.77167
[734]	1	1	-1.59192
[735]	1	1	-1.77167
[736]	1	1	-1.77167
[737]	1	0	-5.72221
[738]	1	1	-1.45531
[739]	1	1	-1.47913
[740]	1	1	-1.47913
[741]	1	1	-1.45531
[742]	1	1	-1.45531
[743]	1	1	-1.47913
[744]	1	1	-1.47913
[745]	1	1	-1.45531
[746]	1	0	-7.17177
[747]	1	1	-1.47913
[748]	1	1	-1.77167
[749]	1	1	-1.59192
[750]	1	1	-1.47913
[751]	1	1	-1.47913
[752]	1	1	-1.47913
[753]	1	1	-1.59192
[754]	1	1	-1.77167
[755]	1	0	-5.68
[756]	1	1	-1.59192
[757]	1	1	-1.47913
[758]	1	0	-5.98319
[759]	1	1	-1.47913
[760]	1	1	-1.47913
[761]	1	1	-1.47913
[762]	1	1	-1.45531
[763]	1	1	-1.59192
[764]	1	1	-1.77167
[765]	1	1	-1.59192
[766]	1	1	-1.77167
[767]	1	1	-1.45531
[768]	1	1	-1.77167
[769]	1	1	-1.77167
[770]	1	1	-1.45531
[771]	1	1	-1.47913
[772]	1	1	-1.59192
[773]	1	1	-1.59192
[774]	1	1	-1.47913
[775]	1	1	-1.59192
[776]	1	1	-1.59192
[777]	1	1	-1.47913
[778]	1	1	-1.47913
[779]	1	1	-1.59192
[780]	1	1	-1.59192
[781]	1	1	-1.47913
[782]	1	0	-12.5176
[783]	1	1	-1.59192
[784]	1	1	-1.77167
[785]	1	1	-1.77167
[786]	1	1	-1.59192
[787]	1	1	-1.59192
[788]	1	1	-1.77167
[789]	1	1	-1.59192
[790]	1	1	-1.47913
[791]	1	1	-1.47913
[792]	1	1	-1.59192
[793]	1	1	-1.59192
[794]	1	1	-1.47913
[795]	1	0	-6.84792
[796]	1	1	-1.47913
[797]	1	1	-1.77167
[798]	1	1	-1.45531
[799]	1	1	-1.77167
[800]	1	1	-1.77167
[801]	1	1	-1.77167
[802]	1	1	-1.77167
[803]	1	1	-1.59192
[804]	1	1	-1.59192
[805]	1	1	-1.59192
[806]	1	1	-1.47913
[807]	1	1	-1.77167
[808]	1	0	-8.11786
[809]	1	1	-1.45531
[810]	1	1	-1.77167
[811]	1	1	-1.77167
[812]	1	0	-5.90823
[813]	1	1	-1.47913
[814]	1	1	-1.47913
[815]	1	1	-1.45531
[816]	1	1	-1.45531
[817]	1	1	-1.47913
[818]	1	1	-1.59192
[819]	1	1	-1.47913
[820]	1	1	-1.47913
[821]	1	1	-1.47913
[822]	1	1	-1.45531
[823]	1	1	-1.45531
[824]	1	1	-1.77167
[825]	1	1	-1.45531
[826]	1	1	-1.45531
[827]	1	1	-1.59192
[828]	1	1	-1.59192
[829]	1	1	-1.59192
[830]	1	1	-1.47913
[831]	1	1	-1.45531
[832]	1	1	-1.47913
[833]	1	1	-1.47913
[834]	1	1	-1.77167
[835]	1	1	-1.77167
[836]	1	0	-1.77167
[837]	1	1	-1.77167
[838]	1	1	-1.59192
[839]	1	1	-1.59192
[840]	1	1	-1.47913
[841]	1	1	-1.45531
[842]	1	0	-20.4585
[843]	1	1	-1.45531
[844]	1	1	-1.59192
[845]	1	0	-9.29697
[846]	1	1	-1.59192
[847]	1	1	-1.77167
[848]	1	0	-16.7127
[849]	1	1	-1.47913
[850]	1	1	-1.47913
[851]	1	1	-1.47913
[852]	1	1	-1.47913
[853]	1	1	-1.47913
[854]	1	0	-5.85569
[855]	1	1	-1.47913
[856]	1	1	-1.45531
[857]	1	1	-1.77167
[858]	1	1	-1.59192
[859]	1	1	-1.47913
[860]	1	1	-1.59192
[861]	1	1	-1.47913
[862]	1	1	-1.47913
[863]	1	1	-1.45531
[864]	1	1	-1.45531
[865]	1	1	-1.59192
[866]	1	1	-1.47913
[867]	1	1	-1.59192
[868]	1	1	-1.77167
[869]	1	0	-8.77043
[870]	1	1	-1.47913
[871]	1	1	-1.47913
[872]	1	1	-1.47913
[873]	1	1	-1.45531
[874]	1	1	-1.59192
[875]	1	1	-1.47913
[876]	1	1	-1.77167
[877]	1	1	-1.77167
[878]	1	0	-6.45738
[879]	1	1	-1.77167
[880]	1	1	-1.77167
[881]	1	1	-1.45531
[882]	1	1	-1.47913
[883]	1	1	-1.45531
[884]	1	1	-1.45531
[885]	1	1	-1.77167
[886]	1	1	-1.59192
[887]	1	0	-8.05891
[888]	1	0	-5.85569
[889]	1	1	-1.77167
[890]	1	1	-1.45531
[891]	1	1	-1.45531
[892]	1	1	-1.77167
[893]	1	0	-7.43139
[894]	1	1	-1.45531
[895]	1	0	-6.93141
[896]	1	1	-1.77167
[897]	1	1	-1.59192
[898]	1	1	-1.77167
[899]	1	1	-1.77167
[900]	1	1	-1.59192
[901]	1	1	-1.47913
[902]	1	1	-1.45531
[903]	1	1	-1.45531
[904]	1	1	-1.47913
[905]	1	1	-1.47913
[906]	1	1	-1.45531
[907]	1	1	-1.47913
[908]	1	1	-1.45531
[909]	1	1	-1.77167
[910]	1	1	-1.77167
[911]	1	1	-1.45531
[912]	1	1	-1.59192
[913]	1	1	-1.77167
[914]	1	1	-1.77167
[915]	1	1	-1.77167
[916]	1	1	-1.77167
[917]	1	1	-1.59192
[918]	1	1	-1.59192
[919]	1	1	-1.47913
[920]	1	1	-1.45531
[921]	1	1	-1.77167
[922]	1	1	-1.47913
[923]	1	1	-1.59192
[924]	1	1	-1.59192
[925]	1	1	-1.59192
[926]	1	1	-1.47913
[927]	1	1	-1.45531
[928]	1	1	-1.47913
[929]	1	1	-1.59192
[930]	1	1	-1.47913
[931]	1	1	-1.59192
[932]	1	1	-1.77167
[933]	1	1	-1.47913
[934]	1	1	-1.45531
[935]	1	0	-12.2673
[936]	1	1	-1.77167
[937]	1	1	-1.47913
[938]	1	1	-1.77167
[939]	1	1	-1.59192
[940]	1	1	-1.77167
[941]	1	0	-7.34108
[942]	1	1	-1.45531
[943]	1	1	-1.77167
[944]	1	0	-7.10677
[945]	1	0	-6.03977
[946]	1	1	-1.47913
[947]	1	1	-1.77167
[948]	1	1	-1.45531
[949]	1	1	-1.45531
[950]	1	1	-1.45531
[951]	1	1	-1.47913
[952]	1	0	-7.42253
[953]	1	1	-1.47913
[954]	1	1	-1.47913
[955]	1	1	-1.47913
[956]	1	1	-1.45531
[957]	1	0	-7.65676
[958]	1	1	-1.59192
[959]	1	1	-1.59192
[960]	1	1	-1.47913
[961]	1	0	-13.6165
[962]	1	1	-1.77167
[963]	1	1	-1.45531
[964]	1	0	-13.0816
[965]	1	0	-16.3902
[966]	1	1	-1.45531
[967]	1	1	-1.45531
[968]	1	1	-1.47913
[969]	1	1	-1.47913
[970]	1	1	-1.45531
[971]	1	1	-1.77167
[972]	1	1	-1.45531
[973]	1	1	-1.47913
[974]	1	1	-1.45531
[975]	1	1	-1.45531
[976]	1	1	-1.47913
[977]	1	0	-5.42523
[978]	1	1	-1.47913
[979]	1	1	-1.77167
[980]	1	1	-1.77167
[981]	1	1	-1.77167
[982]	1	1	-1.59192
[983]	1	1	-1.77167
[984]	1	1	-1.47913
[985]	1	1	-1.45531
[986]	1	1	-1.77167
[987]	1	1	-1.45531
[988]	1	1	-1.47913
[989]	1	1	-1.47913
[990]	1	1	-1.45531
[991]	1	1	-1.47913
[992]	1	0	-8.3531
[993]	1	1	-1.45531
[994]	1	1	-1.47913
[995]	1	1	-1.77167
[996]	1	1	-1.45531
[997]	1	1	-1.47913
[998]	1	1	-1.45531
[999]	1	1	-1.59192
[1000]	1	1	-1.77167
[1001]	1	0	-6.78729
[1002]	1	1	-1.45531
[1003]	1	1	-1.77167
[1004]	1	1	-1.47913
[1005]	1	1	-1.45531
[1006]	1	1	-1.47913
[1007]	1	1	-1.47913
[1008]	1	1	-1.45531
[1009]	1	1	-1.47913
[1010]	1	0	-1.45531
[1011]	1	1	-1.47913
[1012]	1	1	-1.47913
[1013]	1	1	-1.45531
[1014]	1	1	-1.47913
[1015]	1	0	-14.3336
[1016]	1	1	-1.45531
[1017]	1	1	-1.59192
[1018]	1	1	-1.47913
[1019]	1	1	-1.45531
[1020]	1	1	-1.59192
[1021]	1	1	-1.47913
[1022]	1	0	-8.41048
[1023]	1	1	-1.59192
[1024]	1	0	-8.35586
[1025]	1	1	-1.47913
[1026]	1	1	-1.47913
[1027]	1	0	-5.42523
[1028]	1	1	-1.47913
[1029]	1	1	-1.47913
[1030]	1	0	-7.21903
[1031]	1	1	-1.45531
[1032]	1	1	-1.45531
[1033]	1	1	-1.77167
[1034]	1	1	-1.59192
[1035]	1	1	-1.59192
[1036]	1	1	-1.59192
[1037]	1	1	-1.77167
[1038]	1	1	-1.45531
[1039]	1	0	-7.404
[1040]	1	1	-1.47913
[1041]	1	1	-1.47913
[1042]	1	1	-1.47913
[1043]	1	1	-1.45531
[1044]	1	1	-1.47913
[1045]	1	1	-1.45531
[1046]	1	1	-1.45531
[1047]	1	1	-1.47913
[1048]	1	1	-1.47913
[1049]	1	1	-1.45531
[1050]	1	1	-1.59192
[1051]	1	1	-1.77167
[1052]	1	0	-5.72221
[1053]	1	1	-1.45531
[1054]	1	1	-1.47913
[1055]	1	0	-7.16079
[1056]	1	1	-1.47913
[1057]	1	1	-1.77167
[1058]	1	1	-1.45531
[1059]	1	1	-1.45531
[1060]	1	1	-1.47913
[1061]	1	0	-7.56928
[1062]	1	1	-1.45531
[1063]	1	0	-6.71617
[1064]	1	1	-1.59192
[1065]	1	1	-1.77167
[1066]	1	1	-1.47913
[1067]	1	1	-1.77167
[1068]	1	1	-1.59192
[1069]	1	1	-1.59192
[1070]	1	1	-1.59192
[1071]	1	0	-13.3827
[1072]	1	1	-1.45531
[1073]	1	1	-1.59192
[1074]	1	1	-1.77167
[1075]	1	1	-1.77167
[1076]	1	1	-1.59192
[1077]	1	1	-1.47913
[1078]	1	1	-1.77167
[1079]	1	1	-1.45531
[1080]	1	1	-1.45531
[1081]	1	1	-1.59192
[1082]	1	1	-1.47913
[1083]	1	1	-1.47913
[1084]	1	1	-1.47913
[1085]	1	1	-1.45531
[1086]	1	1	-1.59192
[1087]	1	1	-1.45531
[1088]	1	1	-1.59192
[1089]	1	1	-1.77167
[1090]	1	1	-1.77167
[1091]	1	1	-1.77167
[1092]	1	1	-1.45531
[1093]	1	1	-1.59192
[1094]	1	0	-7.36294
[1095]	1	1	-1.45531
[1096]	1	1	-1.47913
[1097]	1	1	-1.59192
[1098]	1	1	-1.77167
[1099]	1	1	-1.77167
[1100]	1	1	-1.77167
[1101]	1	1	-1.47913
[1102]	1	1	-1.59192
[1103]	1	0	-10.0648
[1104]	1	1	-1.45531
[1105]	1	1	-1.77167
[1106]	1	1	-1.59192
[1107]	1	1	-1.77167
[1108]	1	0	-7.51428
[1109]	1	1	-1.59192
[1110]	1	1	-1.47913
[1111]	1	1	-1.45531
[1112]	1	1	-1.45531
[1113]	1	1	-1.47913
[1114]	1	1	-1.47913
[1115]	1	1	-1.59192
[1116]	1	1	-1.59192
[1117]	1	1	-1.45531
[1118]	1	1	-1.59192
[1119]	1	1	-1.47913
[1120]	1	1	-1.59192
[1121]	1	0	-9.29615
[1122]	1	1	-1.59192
[1123]	1	1	-1.77167
[1124]	1	1	-1.77167
[1125]	1	1	-1.59192
[1126]	1	1	-1.47913
[1127]	1	1	-1.45531
[1128]	1	1	-1.47913
[1129]	1	1	-1.47913
[1130]	1	1	-1.47913
[1131]	1	1	-1.77167
[1132]	1	1	-1.45531
[1133]	1	1	-1.45531
[1134]	1	1	-1.59192
[1135]	1	1	-1.47913
[1136]	1	0	-11.5858
[1137]	1	1	-1.45531
[1138]	1	1	-1.47913
[1139]	1	1	-1.77167
[1140]	1	1	-1.47913
[1141]	1	1	-1.47913
[1142]	1	0	-8.01351
[1143]	1	1	-1.47913
[1144]	1	1	-1.59192
[1145]	1	0	-8.12433
[1146]	1	1	-1.47913
[1147]	1	1	-1.47913
[1148]	1	0	-5.33379
[1149]	1	1	-1.59192
[1150]	1	1	-1.77167
[1151]	1	1	-1.45531
[1152]	1	1	-1.45531
[1153]	1	1	-1.59192
[1154]	1	1	-1.77167
[1155]	1	1	-1.77167
[1156]	1	1	-1.59192
[1157]	1	1	-1.77167
[1158]	1	1	-1.45531
[1159]	1	1	-1.45531
[1160]	1	1	-1.47913
[1161]	1	1	-1.47913
[1162]	1	1	-1.47913
[1163]	1	1	-1.47913
[1164]	1	1	-1.59192
[1165]	1	1	-1.77167
[1166]	1	0	-9.62539
[1167]	1	1	-1.45531
[1168]	1	1	-1.45531
[1169]	1	0	-8.35586
[1170]	1	1	-1.47913
[1171]	1	1	-1.47913
[1172]	1	1	-1.45531
[1173]	1	1	-1.45531
[1174]	1	1	-1.45531
[1175]	1	1	-1.77167
[1176]	1	1	-1.77167
[1177]	1	1	-1.77167
[1178]	1	1	-1.77167
[1179]	1	1	-1.45531
[1180]	1	1	-1.45531
[1181]	1	1	-1.77167
[1182]	1	1	-1.45531
[1183]	1	1	-1.59192
[1184]	1	1	-1.59192
[1185]	1	1	-1.77167
[1186]	1	1	-1.77167
[1187]	1	1	-1.77167
[1188]	1	1	-1.45531
[1189]	1	1	-1.47913
[1190]	1	1	-1.47913
[1191]	1	1	-1.59192
[1192]	1	0	-9.62539
[1193]	1	1	-1.59192
[1194]	1	1	-1.77167
[1195]	1	1	-1.59192
[1196]	1	1	-1.47913
[1197]	1	1	-1.47913
[1198]	1	1	-1.77167
[1199]	1	0	-7.609
[1200]	1	1	-1.77167
[1201]	1	1	-1.77167
[1202]	1	1	-1.45531
[1203]	1	1	-1.47913
[1204]	1	1	-1.59192
[1205]	1	1	-1.77167
[1206]	1	1	-1.59192
[1207]	1	1	-1.47913
[1208]	1	0	-7.43102
[1209]	1	1	-1.47913
[1210]	1	1	-1.77167
[1211]	1	1	-1.59192
[1212]	1	1	-1.45531
[1213]	1	1	-1.47913
[1214]	1	0	-7.02943
[1215]	1	1	-1.59192
[1216]	1	1	-1.47913
[1217]	1	1	-1.77167
[1218]	1	1	-1.47913
[1219]	1	1	-1.77167
[1220]	1	1	-1.77167
[1221]	1	1	-1.59192
[1222]	1	1	-1.77167
[1223]	1	1	-1.45531
[1224]	1	1	-1.47913
[1225]	1	1	-1.77167
[1226]	1	1	-1.45531
[1227]	1	1	-1.45531
[1228]	1	1	-1.47913
[1229]	1	1	-1.59192
[1230]	1	1	-1.47913
[1231]	1	1	-1.47913
[1232]	1	0	-6.86448
[1233]	1	0	-7.712
[1234]	1	1	-1.47913
[1235]	1	1	-1.45531
[1236]	1	1	-1.47913
[1237]	1	1	-1.45531
[1238]	1	1	-1.47913
[1239]	1	1	-1.77167
[1240]	1	1	-1.77167
[1241]	1	1	-1.47913
[1242]	1	1	-1.59192
[1243]	1	1	-1.77167
[1244]	1	1	-1.77167
[1245]	1	1	-1.59192
[1246]	1	0	-5.72221
[1247]	1	0	-7.73874
[1248]	1	1	-1.47913
[1249]	1	1	-1.45531
[1250]	1	1	-1.45531
[1251]	1	1	-1.47913
[1252]	1	1	-1.59192
[1253]	1	0	-9.20763
[1254]	1	1	-1.59192
[1255]	1	1	-1.47913
[1256]	1	1	-1.45531
[1257]	1	1	-1.47913
[1258]	1	1	-1.59192
[1259]	1	1	-1.59192
[1260]	1	1	-1.47913
[1261]	1	1	-1.47913
[1262]	1	1	-1.45531
[1263]	1	1	-1.59192
[1264]	1	1	-1.45531
[1265]	1	1	-1.59192
[1266]	1	1	-1.77167
[1267]	1	1	-1.59192
[1268]	1	0	-7.60351
[1269]	1	1	-1.45531
[1270]	1	1	-1.77167
[1271]	1	1	-1.59192
[1272]	1	1	-1.77167
[1273]	1	1	-1.47913
[1274]	1	1	-1.77167
[1275]	1	1	-1.59192
[1276]	1	1	-1.45531
[1277]	1	1	-1.47913
[1278]	1	1	-1.45531
[1279]	1	1	-1.77167
[1280]	1	0	-7.24873
[1281]	1	1	-1.59192
[1282]	1	1	-1.77167
[1283]	1	1	-1.77167
[1284]	1	1	-1.45531
[1285]	1	1	-1.45531
[1286]	1	1	-1.59192
[1287]	1	1	-1.47913
[1288]	1	1	-1.47913
[1289]	1	1	-1.47913
[1290]	1	1	-1.59192
[1291]	1	0	-1.59192
[1292]	1	1	-1.77167
[1293]	1	1	-1.45531
[1294]	1	1	-1.47913
[1295]	1	0	-5.42523
[1296]	1	0	-9.60851
[1297]	1	1	-1.59192
[1298]	1	1	-1.47913
[1299]	1	1	-1.45531
[1300]	1	0	-6.22548
[1301]	1	1	-1.47913
[1302]	1	1	-1.45531
[1303]	1	1	-1.59192
[1304]	1	1	-1.77167
[1305]	1	1	-1.59192
[1306]	1	1	-1.47913
[1307]	1	0	-8.92752
[1308]	1	0	-7.26951
[1309]	1	1	-1.59192
[1310]	1	1	-1.77167
[1311]	1	1	-1.45531
[1312]	1	0	-10.6172
[1313]	1	1	-1.59192
[1314]	1	1	-1.59192
[1315]	1	1	-1.59192
[1316]	1	1	-1.47913
[1317]	1	1	-1.45531
[1318]	1	1	-1.47913
[1319]	1	1	-1.45531
[1320]	1	1	-1.47913
[1321]	1	1	-1.45531
[1322]	1	1	-1.77167
[1323]	1	1	-1.77167
[1324]	1	1	-1.77167
[1325]	1	0	-7.56928
[1326]	1	1	-1.59192
[1327]	1	1	-1.59192
[1328]	1	1	-1.47913
[1329]	1	1	-1.45531
[1330]	1	1	-1.45531
[1331]	1	0	-5.42523
[1332]	1	1	-1.45531
[1333]	1	1	-1.47913
[1334]	1	1	-1.47913
[1335]	1	1	-1.59192
[1336]	1	0	-7.03312
[1337]	1	1	-1.45531
[1338]	1	1	-1.45531
[1339]	1	1	-1.47913
[1340]	1	1	-1.45531
[1341]	1	1	-1.47913
[1342]	1	1	-1.77167
[1343]	1	1	-1.59192
[1344]	1	1	-1.59192
[1345]	1	1	-1.77167
[1346]	1	1	-1.77167
[1347]	1	1	-1.59192
[1348]	1	1	-1.59192
[1349]	1	1	-1.77167
[1350]	1	1	-1.59192
[1351]	1	1	-1.47913
[1352]	1	1	-1.47913
[1353]	1	1	-1.45531
[1354]	1	1	-1.59192
[1355]	1	0	-7.71543
[1356]	1	1	-1.59192
[1357]	1	1	-1.59192
[1358]	1	1	-1.77167
[1359]	1	1	-1.45531
[1360]	1	1	-1.59192
[1361]	1	0	-11.0746
[1362]	1	1	-1.47913
[1363]	1	1	-1.47913
[1364]	1	1	-1.77167
[1365]	1	1	-1.45531
[1366]	1	1	-1.59192
[1367]	1	1	-1.77167
[1368]	1	1	-1.59192
[1369]	1	1	-1.47913
[1370]	1	1	-1.77167
[1371]	1	1	-1.59192
[1372]	1	1	-1.77167
[1373]	1	1	-1.45531
[1374]	1	1	-1.47913
[1375]	1	1	-1.47913
[1376]	1	1	-1.45531
[1377]	1	1	-1.45531
[1378]	1	0	-8.2927
[1379]	1	0	-7.36838
[1380]	1	0	-8.88821
[1381]	1	1	-1.77167
[1382]	1	1	-1.45531
[1383]	1	1	-1.45531
[1384]	1	1	-1.47913
[1385]	1	1	-1.77167
[1386]	1	1	-1.45531
[1387]	1	1	-1.47913
[1388]	1	1	-1.47913
[1389]	1	1	-1.45531
[1390]	1	1	-1.47913
[1391]	1	1	-1.47913
[1392]	1	1	-1.47913
[1393]	1	1	-1.77167
[1394]	1	1	-1.59192
[1395]	1	1	-1.77167
[1396]	1	1	-1.77167
[1397]	1	1	-1.77167
[1398]	1	1	-1.45531
[1399]	1	1	-1.47913
[1400]	1	1	-1.77167
[1401]	1	1	-1.45531
[1402]	1	1	-1.47913
[1403]	1	1	-1.77167
[1404]	1	1	-1.45531
[1405]	1	1	-1.47913
[1406]	1	1	-1.77167
[1407]	1	1	-1.45531
[1408]	1	1	-1.47913
[1409]	1	1	-1.59192
[1410]	1	1	-1.77167
[1411]	1	1	-1.77167
[1412]	1	1	-1.77167
[1413]	1	1	-1.77167
[1414]	1	1	-1.47913
[1415]	1	1	-1.59192
[1416]	1	1	-1.59192
[1417]	1	1	-1.47913
[1418]	1	1	-1.59192
[1419]	1	1	-1.59192
[1420]	1	1	-1.47913
[1421]	1	0	-6.34222
[1422]	1	1	-1.59192
[1423]	1	1	-1.77167
[1424]	1	1	-1.59192
[1425]	1	1	-1.59192
[1426]	1	1	-1.77167
[1427]	1	1	-1.77167
[1428]	1	1	-1.59192
[1429]	1	1	-1.45531
[1430]	1	1	-1.47913
[1431]	1	1	-1.45531
[1432]	1	1	-1.47913
[1433]	1	1	-1.47913
[1434]	1	1	-1.59192
[1435]	1	1	-1.77167
[1436]	1	1	-1.59192
[1437]	1	1	-1.47913
[1438]	1	1	-1.77167
[1439]	1	1	-1.47913
[1440]	1	1	-1.45531
[1441]	1	1	-1.47913
[1442]	1	1	-1.47913
[1443]	1	1	-1.59192
[1444]	1	1	-1.45531
[1445]	1	0	-17.6096
[1446]	1	1	-1.47913
[1447]	1	1	-1.47913
[1448]	1	0	-6.45738
[1449]	1	1	-1.47913
[1450]	1	1	-1.59192
[1451]	1	1	-1.59192
[1452]	1	1	-1.47913
[1453]	1	1	-1.45531
[1454]	1	1	-1.59192
[1455]	1	1	-1.77167
[1456]	1	1	-1.59192
[1457]	1	1	-1.59192
[1458]	1	1	-1.77167
[1459]	1	1	-1.77167
[1460]	1	1	-1.45531
[1461]	1	1	-1.45531
[1462]	1	1	-1.47913
[1463]	1	1	-1.77167
[1464]	1	1	-1.59192
[1465]	1	1	-1.59192
[1466]	1	1	-1.59192
[1467]	1	1	-1.47913
[1468]	1	1	-1.47913
[1469]	1	1	-1.59192
[1470]	1	1	-1.45531
[1471]	1	1	-1.47913
[1472]	1	1	-1.77167
[1473]	1	1	-1.59192
[1474]	1	1	-1.47913
[1475]	1	1	-1.45531
[1476]	1	1	-1.45531
[1477]	1	1	-1.77167
[1478]	1	1	-1.45531
[1479]	1	1	-1.45531
[1480]	1	1	-1.59192
[1481]	1	1	-1.59192
[1482]	1	1	-1.47913
[1483]	1	1	-1.77167
[1484]	1	1	-1.45531
[1485]	1	1	-1.45531
[1486]	1	1	-1.45531
[1487]	1	1	-1.47913
[1488]	1	1	-1.47913
[1489]	1	1	-1.45531
[1490]	1	1	-1.45531
[1491]	1	1	-1.59192
[1492]	1	1	-1.47913
[1493]	1	1	-1.45531
[1494]	1	1	-1.77167
[1495]	1	1	-1.45531
[1496]	1	1	-1.45531
[1497]	1	1	-1.59192
[1498]	1	1	-1.77167
[1499]	1	1	-1.77167
[1500]	1	1	-1.45531
[1501]	1	1	-1.59192
[1502]	1	0	-7.47744
[1503]	1	1	-1.47913
[1504]	1	1	-1.77167
[1505]	1	0	-6.22548
[1506]	1	1	-1.59192
[1507]	1	1	-1.47913
[1508]	1	0	-7.66156
[1509]	1	1	-1.47913
[1510]	1	1	-1.47913
[1511]	1	1	-1.45531
[1512]	1	1	-1.77167
[1513]	1	1	-1.77167
[1514]	1	0	-5.33379
[1515]	1	1	-1.59192
[1516]	1	1	-1.45531
[1517]	1	1	-1.47913
[1518]	1	1	-1.47913
[1519]	1	1	-1.45531
[1520]	1	0	-7.36838
[1521]	1	1	-1.47913
[1522]	1	1	-1.47913
[1523]	1	1	-1.47913
[1524]	1	1	-1.47913
[1525]	1	1	-1.77167
[1526]	1	1	-1.59192
[1527]	1	1	-1.59192
[1528]	1	1	-1.47913
[1529]	1	1	-1.59192
[1530]	1	1	-1.47913
[1531]	1	1	-1.47913
[1532]	1	1	-1.47913
[1533]	1	1	-1.47913
[1534]	1	1	-1.47913
[1535]	1	1	-1.47913
[1536]	1	1	-1.45531
[1537]	1	1	-1.77167
[1538]	1	1	-1.47913
[1539]	1	1	-1.45531
[1540]	1	1	-1.47913
[1541]	1	1	-1.77167
[1542]	1	1	-1.47913
[1543]	1	0	-8.03296
[1544]	1	1	-1.45531
[1545]	1	1	-1.47913
[1546]	1	1	-1.47913
[1547]	1	1	-1.47913
[1548]	1	1	-1.45531
[1549]	1	1	-1.59192
[1550]	1	1	-1.59192
[1551]	1	1	-1.47913
[1552]	1	1	-1.45531
[1553]	1	1	-1.59192
[1554]	1	1	-1.47913
[1555]	1	1	-1.47913
[1556]	1	1	-1.47913
[1557]	1	1	-1.45531
[1558]	1	1	-1.45531
[1559]	1	1	-1.59192
[1560]	1	1	-1.47913
[1561]	1	1	-1.45531
[1562]	1	1	-1.45531
[1563]	1	1	-1.47913
[1564]	1	1	-1.47913
[1565]	1	1	-1.47913
[1566]	1	1	-1.59192
[1567]	1	1	-1.77167
[1568]	1	1	-1.77167
[1569]	1	1	-1.59192
[1570]	1	1	-1.45531
[1571]	1	1	-1.45531
[1572]	1	1	-1.77167
[1573]	1	1	-1.77167
[1574]	1	1	-1.77167
[1575]	1	1	-1.59192
[1576]	1	1	-1.47913
[1577]	1	1	-1.77167
[1578]	1	1	-1.45531
[1579]	1	1	-1.77167
[1580]	1	1	-1.59192
[1581]	1	1	-1.59192
[1582]	1	1	-1.77167
[1583]	1	1	-1.77167
[1584]	1	1	-1.47913
[1585]	1	1	-1.45531
[1586]	1	1	-1.59192
[1587]	1	1	-1.47913
[1588]	1	1	-1.47913
[1589]	1	1	-1.45531
[1590]	1	0	-7.8135
[1591]	1	1	-1.77167
[1592]	1	0	-5.33379
[1593]	1	1	-1.59192
[1594]	1	1	-1.77167
[1595]	1	1	-1.45531
[1596]	1	1	-1.47913
[1597]	1	1	-1.45531
[1598]	1	1	-1.77167
[1599]	1	1	-1.77167
[1600]	1	1	-1.77167
[1601]	1	1	-1.59192
[1602]	1	1	-1.47913
[1603]	1	1	-1.77167
[1604]	1	1	-1.45531
[1605]	1	1	-1.45531
[1606]	1	1	-1.59192
[1607]	1	1	-1.47913
[1608]	1	1	-1.59192
[1609]	1	1	-1.59192
[1610]	1	1	-1.77167
[1611]	1	1	-1.47913
[1612]	1	1	-1.77167
[1613]	1	1	-1.77167
[1614]	1	1	-1.45531
[1615]	1	1	-1.47913
[1616]	1	1	-1.59192
[1617]	1	1	-1.59192
[1618]	1	1	-1.47913
[1619]	1	1	-1.77167
[1620]	1	1	-1.47913
[1621]	1	1	-1.59192
[1622]	1	0	-1.77167
[1623]	1	1	-1.47913
[1624]	1	1	-1.59192
[1625]	1	0	-8.05891
[1626]	1	1	-1.47913
[1627]	1	1	-1.77167
[1628]	1	1	-1.45531
[1629]	1	1	-1.47913
[1630]	1	1	-1.47913
[1631]	1	0	-5.85569
[1632]	1	1	-1.45531
[1633]	1	1	-1.47913
[1634]	1	1	-1.77167
[1635]	1	1	-1.45531
[1636]	1	1	-1.47913
[1637]	1	0	-20.6905
[1638]	1	1	-1.45531
[1639]	1	1	-1.59192
[1640]	1	1	-1.59192
[1641]	1	1	-1.47913
[1642]	1	1	-1.45531
[1643]	1	1	-1.45531
[1644]	1	1	-1.47913
[1645]	1	1	-1.59192
[1646]	1	1	-1.47913
[1647]	1	1	-1.45531
[1648]	1	1	-1.47913
[1649]	1	0	-5.33379
[1650]	1	1	-1.59192
[1651]	1	1	-1.77167
[1652]	1	1	-1.45531
[1653]	1	1	-1.77167
[1654]	1	1	-1.47913
[1655]	1	0	-11.5442
[1656]	1	1	-1.59192
[1657]	1	1	-1.45531
[1658]	1	1	-1.59192
[1659]	1	1	-1.77167
[1660]	1	1	-1.59192
[1661]	1	1	-1.77167
[1662]	1	1	-1.59192
[1663]	1	1	-1.77167
[1664]	1	1	-1.77167
[1665]	1	1	-1.77167
[1666]	1	1	-1.77167
[1667]	1	1	-1.77167
[1668]	1	1	-1.45531
[1669]	1	1	-1.45531
[1670]	1	1	-1.59192
[1671]	1	1	-1.59192
[1672]	1	1	-1.47913
[1673]	1	1	-1.45531
[1674]	1	1	-1.59192
[1675]	1	1	-1.77167
[1676]	1	0	-9.4715
[1677]	1	0	-5.60437
[1678]	1	1	-1.47913
[1679]	1	1	-1.59192
[1680]	1	1	-1.59192
[1681]	1	1	-1.59192
[1682]	1	1	-1.77167
[1683]	1	1	-1.59192
[1684]	1	1	-1.59192
[1685]	1	0	-10.9523
[1686]	1	0	-14.1582
[1687]	1	0	-11.9435
[1688]	1	0	-13.9107
[1689]	1	1	-1.45531
[1690]	1	1	-1.47913
[1691]	1	1	-1.47913
[1692]	1	0	-8.03296
[1693]	1	1	-1.45531
[1694]	1	1	-1.59192
[1695]	1	1	-1.59192
[1696]	1	1	-1.47913
[1697]	1	0	-22.1717
[1698]	0	0	-1.37357
[1699]	0	0	-1.37357
[1700]	0	0	-1.37357
[1701]	0	0	-1.37357
[1702]	0	0	-1.40224
[1703]	0	0	-1.68503
