Sites	is.complete	is.constant	lnL
[0]	1	1	-1.47346
[1]	1	1	-1.76207
[2]	1	1	-1.45494
[3]	1	1	-1.45494
[4]	1	1	-1.57581
[5]	1	1	-1.76207
[6]	1	1	-1.45494
[7]	1	1	-1.57581
[8]	1	1	-1.57581
[9]	1	0	-14.6102
[10]	1	1	-1.76207
[11]	1	1	-1.45494
[12]	1	1	-1.57581
[13]	1	1	-1.47346
[14]	1	0	-5.39294
[15]	1	1	-1.47346
[16]	1	1	-1.76207
[17]	1	0	-7.56205
[18]	1	1	-1.45494
[19]	1	1	-1.47346
[20]	1	1	-1.76207
[21]	1	1	-1.57581
[22]	1	1	-1.57581
[23]	1	1	-1.76207
[24]	1	1	-1.45494
[25]	1	1	-1.47346
[26]	1	1	-1.45494
[27]	1	1	-1.57581
[28]	1	1	-1.76207
[29]	1	1	-1.47346
[30]	1	1	-1.45494
[31]	1	1	-1.57581
[32]	1	1	-1.57581
[33]	1	1	-1.47346
[34]	1	1	-1.47346
[35]	1	1	-1.45494
[36]	1	1	-1.57581
[37]	1	1	-1.45494
[38]	1	1	-1.57581
[39]	1	1	-1.57581
[40]	1	1	-1.76207
[41]	1	1	-1.57581
[42]	1	1	-1.76207
[43]	1	1	-1.76207
[44]	1	1	-1.57581
[45]	1	1	-1.76207
[46]	1	1	-1.76207
[47]	1	1	-1.76207
[48]	1	1	-1.45494
[49]	1	1	-1.47346
[50]	1	1	-1.47346
[51]	1	1	-1.45494
[52]	1	1	-1.45494
[53]	1	1	-1.45494
[54]	1	1	-1.45494
[55]	1	1	-1.57581
[56]	1	1	-1.57581
[57]	1	1	-1.47346
[58]	1	1	-1.57581
[59]	1	1	-1.76207
[60]	1	1	-1.45494
[61]	1	1	-1.76207
[62]	1	0	-8.66173
[63]	1	1	-1.45494
[64]	1	1	-1.76207
[65]	1	1	-1.57581
[66]	1	1	-1.47346
[67]	1	1	-1.76207
[68]	1	1	-1.57581
[69]	1	1	-1.57581
[70]	1	1	-1.76207
[71]	1	0	-5.31932
[72]	1	1	-1.47346
[73]	1	1	-1.47346
[74]	1	1	-1.57581
[75]	1	1	-1.47346
[76]	1	1	-1.76207
[77]	1	1	-1.45494
[78]	1	1	-1.57581
[79]	1	1	-1.57581
[80]	1	1	-1.57581
[81]	1	1	-1.47346
[82]	1	0	-11.4745
[83]	1	0	-5.39294
[84]	1	1	-1.45494
[85]	1	1	-1.45494
[86]	1	1	-1.47346
[87]	1	1	-1.47346
[88]	1	1	-1.57581
[89]	1	1	-1.47346
[90]	1	1	-1.45494
[91]	1	1	-1.47346
[92]	1	1	-1.45494
[93]	1	1	-1.76207
[94]	1	1	-1.76207
[95]	1	1	-1.76207
[96]	1	1	-1.45494
[97]	1	1	-1.45494
[98]	1	1	-1.45494
[99]	1	1	-1.47346
[100]	1	1	-1.76207
[101]	1	1	-1.76207
[102]	1	1	-1.45494
[103]	1	1	-1.47346
[104]	1	1	-1.57581
[105]	1	1	-1.76207
[106]	1	0	-6.85219
[107]	1	1	-1.76207
[108]	1	1	-1.47346
[109]	1	1	-1.47346
[110]	1	0	-6.42836
[111]	1	1	-1.76207
[112]	1	1	-1.57581
[113]	1	1	-1.57581
[114]	1	1	-1.76207
[115]	1	1	-1.45494
[116]	1	1	-1.45494
[117]	1	1	-1.45494
[118]	1	1	-1.47346
[119]	1	1	-1.45494
[120]	1	1	-1.45494
[121]	1	1	-1.76207
[122]	1	0	-9.97831
[123]	1	1	-1.45494
[124]	1	1	-1.45494
[125]	1	0	-8.26316
[126]	1	1	-1.57581
[127]	1	1	-1.57581
[128]	1	1	-1.57581
[129]	1	1	-1.47346
[130]	1	1	-1.47346
[131]	1	1	-1.45494
[132]	1	1	-1.76207
[133]	1	1	-1.76207
[134]	1	1	-1.57581
[135]	1	1	-1.57581
[136]	1	1	-1.45494
[137]	1	1	-1.45494
[138]	1	1	-1.45494
[139]	1	1	-1.45494
[140]	1	0	-12.4725
[141]	1	1	-1.45494
[142]	1	1	-1.76207
[143]	1	1	-1.45494
[144]	1	1	-1.47346
[145]	1	1	-1.47346
[146]	1	1	-1.45494
[147]	1	1	-1.47346
[148]	1	0	-6.79962
[149]	1	1	-1.45494
[150]	1	1	-1.47346
[151]	1	1	-1.76207
[152]	1	1	-1.57581
[153]	1	1	-1.57581
[154]	1	1	-1.57581
[155]	1	1	-1.76207
[156]	1	1	-1.57581
[157]	1	1	-1.57581
[158]	1	1	-1.47346
[159]	1	1	-1.45494
[160]	1	1	-1.45494
[161]	1	1	-1.57581
[162]	1	1	-1.47346
[163]	1	1	-1.76207
[164]	1	0	-11.5463
[165]	1	1	-1.57581
[166]	1	1	-1.47346
[167]	1	1	-1.57581
[168]	1	1	-1.76207
[169]	1	1	-1.76207
[170]	1	1	-1.57581
[171]	1	1	-1.57581
[172]	1	1	-1.76207
[173]	1	1	-1.57581
[174]	1	0	-7.80032
[175]	1	1	-1.47346
[176]	1	1	-1.57581
[177]	1	1	-1.76207
[178]	1	1	-1.47346
[179]	1	0	-5.66311
[180]	1	1	-1.47346
[181]	1	1	-1.45494
[182]	1	0	-7.55891
[183]	1	1	-1.76207
[184]	1	1	-1.57581
[185]	1	1	-1.76207
[186]	1	1	-1.45494
[187]	1	1	-1.76207
[188]	1	1	-1.45494
[189]	1	1	-1.45494
[190]	1	1	-1.47346
[191]	1	1	-1.57581
[192]	1	1	-1.47346
[193]	1	1	-1.47346
[194]	1	1	-1.45494
[195]	1	0	-8.6048
[196]	1	1	-1.57581
[197]	1	0	-7.80958
[198]	1	1	-1.47346
[199]	1	1	-1.47346
[200]	1	1	-1.76207
[201]	1	1	-1.57581
[202]	1	1	-1.57581
[203]	1	0	-15.5148
[204]	1	1	-1.47346
[205]	1	1	-1.47346
[206]	1	1	-1.45494
[207]	1	1	-1.45494
[208]	1	1	-1.47346
[209]	1	1	-1.47346
[210]	1	1	-1.45494
[211]	1	1	-1.76207
[212]	1	1	-1.47346
[213]	1	1	-1.45494
[214]	1	1	-1.45494
[215]	1	1	-1.57581
[216]	1	1	-1.57581
[217]	1	1	-1.57581
[218]	1	1	-1.76207
[219]	1	1	-1.57581
[220]	1	1	-1.45494
[221]	1	0	-7.15727
[222]	1	1	-1.47346
[223]	1	1	-1.76207
[224]	1	1	-1.45494
[225]	1	1	-1.45494
[226]	1	1	-1.45494
[227]	1	1	-1.76207
[228]	1	1	-1.76207
[229]	1	1	-1.76207
[230]	1	1	-1.57581
[231]	1	1	-1.76207
[232]	1	1	-1.76207
[233]	1	1	-1.57581
[234]	1	1	-1.57581
[235]	1	1	-1.76207
[236]	1	1	-1.76207
[237]	1	1	-1.47346
[238]	1	1	-1.45494
[239]	1	0	-7.45896
[240]	1	1	-1.57581
[241]	1	1	-1.76207
[242]	1	1	-1.45494
[243]	1	1	-1.57581
[244]	1	1	-1.47346
[245]	1	0	-7.21019
[246]	1	1	-1.57581
[247]	1	1	-1.47346
[248]	1	1	-1.45494
[249]	1	1	-1.57581
[250]	1	1	-1.45494
[251]	1	1	-1.45494
[252]	1	1	-1.45494
[253]	1	1	-1.45494
[254]	1	1	-1.45494
[255]	1	0	-9.52499
[256]	1	1	-1.76207
[257]	1	1	-1.45494
[258]	1	1	-1.47346
[259]	1	1	-1.57581
[260]	1	1	-1.47346
[261]	1	1	-1.45494
[262]	1	1	-1.76207
[263]	1	0	-9.30551
[264]	1	1	-1.57581
[265]	1	1	-1.76207
[266]	1	0	-6.36394
[267]	1	1	-1.57581
[268]	1	1	-1.45494
[269]	1	1	-1.57581
[270]	1	1	-1.76207
[271]	1	1	-1.45494
[272]	1	1	-1.45494
[273]	1	1	-1.47346
[274]	1	1	-1.45494
[275]	1	1	-1.57581
[276]	1	1	-1.47346
[277]	1	1	-1.57581
[278]	1	1	-1.47346
[279]	1	0	-11.0746
[280]	1	1	-1.76207
[281]	1	0	-7.36055
[282]	1	1	-1.47346
[283]	1	1	-1.45494
[284]	1	1	-1.45494
[285]	1	1	-1.45494
[286]	1	1	-1.47346
[287]	1	1	-1.47346
[288]	1	1	-1.45494
[289]	1	1	-1.47346
[290]	1	1	-1.45494
[291]	1	0	-9.41735
[292]	1	1	-1.76207
[293]	1	1	-1.47346
[294]	1	1	-1.45494
[295]	1	1	-1.47346
[296]	1	1	-1.57581
[297]	1	1	-1.57581
[298]	1	1	-1.76207
[299]	1	0	-15.1484
[300]	1	1	-1.76207
[301]	1	1	-1.57581
[302]	1	1	-1.57581
[303]	1	1	-1.57581
[304]	1	1	-1.57581
[305]	1	1	-1.47346
[306]	1	1	-1.45494
[307]	1	1	-1.57581
[308]	1	1	-1.57581
[309]	1	0	-9.11869
[310]	1	1	-1.57581
[311]	1	0	-13.9743
[312]	1	1	-1.45494
[313]	1	1	-1.47346
[314]	1	1	-1.45494
[315]	1	1	-1.76207
[316]	1	1	-1.57581
[317]	1	1	-1.76207
[318]	1	1	-1.45494
[319]	1	1	-1.47346
[320]	1	1	-1.45494
[321]	1	1	-1.45494
[322]	1	1	-1.76207
[323]	1	0	-5.31932
[324]	1	1	-1.45494
[325]	1	1	-1.47346
[326]	1	0	-8.27544
[327]	1	1	-1.45494
[328]	1	1	-1.57581
[329]	1	1	-1.57581
[330]	1	1	-1.47346
[331]	1	1	-1.76207
[332]	1	1	-1.45494
[333]	1	1	-1.47346
[334]	1	1	-1.45494
[335]	1	1	-1.45494
[336]	1	1	-1.45494
[337]	1	1	-1.57581
[338]	1	1	-1.57581
[339]	1	1	-1.47346
[340]	1	1	-1.47346
[341]	1	1	-1.57581
[342]	1	1	-1.57581
[343]	1	1	-1.76207
[344]	1	0	-5.66311
[345]	1	1	-1.57581
[346]	1	1	-1.47346
[347]	1	1	-1.45494
[348]	1	1	-1.45494
[349]	1	1	-1.47346
[350]	1	1	-1.45494
[351]	1	1	-1.57581
[352]	1	1	-1.76207
[353]	1	1	-1.45494
[354]	1	1	-1.45494
[355]	1	1	-1.47346
[356]	1	1	-1.57581
[357]	1	1	-1.57581
[358]	1	1	-1.47346
[359]	1	1	-1.45494
[360]	1	1	-1.76207
[361]	1	1	-1.76207
[362]	1	1	-1.57581
[363]	1	1	-1.57581
[364]	1	1	-1.76207
[365]	1	0	-7.07291
[366]	1	1	-1.45494
[367]	1	1	-1.45494
[368]	1	1	-1.45494
[369]	1	1	-1.57581
[370]	1	1	-1.57581
[371]	1	1	-1.76207
[372]	1	1	-1.76207
[373]	1	1	-1.47346
[374]	1	0	-5.66311
[375]	1	1	-1.57581
[376]	1	1	-1.57581
[377]	1	0	-8.38824
[378]	1	1	-1.76207
[379]	1	1	-1.47346
[380]	1	1	-1.76207
[381]	1	1	-1.45494
[382]	1	1	-1.57581
[383]	1	1	-1.57581
[384]	1	1	-1.47346
[385]	1	1	-1.57581
[386]	1	0	-5.66311
[387]	1	1	-1.57581
[388]	1	1	-1.76207
[389]	1	1	-1.45494
[390]	1	1	-1.47346
[391]	1	1	-1.47346
[392]	1	1	-1.45494
[393]	1	1	-1.47346
[394]	1	1	-1.47346
[395]	1	1	-1.45494
[396]	1	1	-1.76207
[397]	1	1	-1.45494
[398]	1	1	-1.45494
[399]	1	1	-1.47346
[400]	1	1	-1.76207
[401]	1	1	-1.57581
[402]	1	1	-1.76207
[403]	1	1	-1.57581
[404]	1	1	-1.47346
[405]	1	1	-1.57581
[406]	1	1	-1.76207
[407]	1	1	-1.57581
[408]	1	1	-1.47346
[409]	1	1	-1.57581
[410]	1	1	-1.57581
[411]	1	1	-1.47346
[412]	1	0	-6.94482
[413]	1	1	-1.57581
[414]	1	1	-1.76207
[415]	1	1	-1.76207
[416]	1	1	-1.57581
[417]	1	1	-1.47346
[418]	1	1	-1.76207
[419]	1	1	-1.57581
[420]	1	1	-1.47346
[421]	1	1	-1.45494
[422]	1	0	-7.56506
[423]	1	1	-1.45494
[424]	1	1	-1.47346
[425]	1	1	-1.47346
[426]	1	1	-1.45494
[427]	1	1	-1.57581
[428]	1	0	-5.66311
[429]	1	0	-7.233
[430]	1	1	-1.57581
[431]	1	1	-1.47346
[432]	1	0	-5.39294
[433]	1	1	-1.76207
[434]	1	0	-8.73904
[435]	1	1	-1.45494
[436]	1	1	-1.47346
[437]	1	0	-7.23968
[438]	1	1	-1.47346
[439]	1	1	-1.47346
[440]	1	0	-6.34718
[441]	1	0	-6.84899
[442]	1	1	-1.76207
[443]	1	0	-11.0048
[444]	1	1	-1.57581
[445]	1	1	-1.47346
[446]	1	1	-1.45494
[447]	1	1	-1.57581
[448]	1	1	-1.57581
[449]	1	0	-21.2017
[450]	1	1	-1.45494
[451]	1	1	-1.47346
[452]	1	0	-7.25646
[453]	1	1	-1.47346
[454]	1	1	-1.47346
[455]	1	0	-7.55772
[456]	1	1	-1.57581
[457]	1	1	-1.45494
[458]	1	0	-7.03536
[459]	1	1	-1.57581
[460]	1	1	-1.47346
[461]	1	0	-9.09317
[462]	1	1	-1.47346
[463]	1	1	-1.76207
[464]	1	1	-1.57581
[465]	1	1	-1.76207
[466]	1	1	-1.45494
[467]	1	0	-11.3455
[468]	1	1	-1.45494
[469]	1	1	-1.57581
[470]	1	1	-1.57581
[471]	1	1	-1.76207
[472]	1	1	-1.76207
[473]	1	0	-7.55772
[474]	1	1	-1.76207
[475]	1	1	-1.57581
[476]	1	0	-10.9199
[477]	1	1	-1.45494
[478]	1	1	-1.47346
[479]	1	1	-1.76207
[480]	1	1	-1.45494
[481]	1	1	-1.76207
[482]	1	1	-1.45494
[483]	1	1	-1.57581
[484]	1	1	-1.76207
[485]	1	1	-1.47346
[486]	1	1	-1.57581
[487]	1	1	-1.57581
[488]	1	1	-1.76207
[489]	1	1	-1.45494
[490]	1	1	-1.76207
[491]	1	1	-1.45494
[492]	1	1	-1.57581
[493]	1	1	-1.76207
[494]	1	1	-1.57581
[495]	1	1	-1.76207
[496]	1	1	-1.57581
[497]	1	0	-17.9764
[498]	1	1	-1.47346
[499]	1	1	-1.76207
[500]	1	1	-1.45494
[501]	1	1	-1.47346
[502]	1	1	-1.47346
[503]	1	1	-1.45494
[504]	1	1	-1.57581
[505]	1	1	-1.47346
[506]	1	1	-1.57581
[507]	1	1	-1.47346
[508]	1	1	-1.57581
[509]	1	1	-1.57581
[510]	1	1	-1.47346
[511]	1	1	-1.47346
[512]	1	1	-1.45494
[513]	1	1	-1.45494
[514]	1	1	-1.47346
[515]	1	1	-1.57581
[516]	1	1	-1.57581
[517]	1	1	-1.45494
[518]	1	0	-7.21019
[519]	1	0	-11.9543
[520]	1	1	-1.76207
[521]	1	0	-6.36394
[522]	1	1	-1.45494
[523]	1	1	-1.45494
[524]	1	1	-1.45494
[525]	1	1	-1.57581
[526]	1	1	-1.47346
[527]	1	0	-7.3546
[528]	1	1	-1.47346
[529]	1	1	-1.47346
[530]	1	1	-1.76207
[531]	1	1	-1.57581
[532]	1	1	-1.76207
[533]	1	1	-1.47346
[534]	1	1	-1.57581
[535]	1	1	-1.57581
[536]	1	0	-17.3125
[537]	1	0	-7.24316
[538]	1	1	-1.45494
[539]	1	1	-1.57581
[540]	1	1	-1.76207
[541]	1	1	-1.45494
[542]	1	0	-7.15727
[543]	1	1	-1.45494
[544]	1	1	-1.45494
[545]	1	1	-1.57581
[546]	1	1	-1.47346
[547]	1	0	-8.14786
[548]	1	1	-1.76207
[549]	1	1	-1.45494
[550]	1	1	-1.47346
[551]	1	0	-5.31932
[552]	1	1	-1.76207
[553]	1	1	-1.45494
[554]	1	0	-7.27302
[555]	1	1	-1.47346
[556]	1	1	-1.47346
[557]	1	0	-6.85219
[558]	1	1	-1.47346
[559]	1	1	-1.45494
[560]	1	1	-1.57581
[561]	1	1	-1.76207
[562]	1	1	-1.47346
[563]	1	1	-1.57581
[564]	1	1	-1.57581
[565]	1	1	-1.47346
[566]	1	1	-1.47346
[567]	1	1	-1.45494
[568]	1	1	-1.47346
[569]	1	1	-1.45494
[570]	1	1	-1.45494
[571]	1	1	-1.45494
[572]	1	0	-9.33771
[573]	1	1	-1.57581
[574]	1	1	-1.76207
[575]	1	1	-1.45494
[576]	1	1	-1.45494
[577]	1	1	-1.57581
[578]	1	0	-17.2998
[579]	1	1	-1.57581
[580]	1	1	-1.45494
[581]	1	0	-10.9373
[582]	1	1	-1.57581
[583]	1	1	-1.76207
[584]	1	1	-1.47346
[585]	1	1	-1.57581
[586]	1	1	-1.57581
[587]	1	0	-7.46549
[588]	1	1	-1.45494
[589]	1	1	-1.47346
[590]	1	1	-1.45494
[591]	1	1	-1.47346
[592]	1	1	-1.76207
[593]	1	1	-1.45494
[594]	1	1	-1.47346
[595]	1	1	-1.47346
[596]	1	1	-1.45494
[597]	1	1	-1.57581
[598]	1	1	-1.57581
[599]	1	1	-1.57581
[600]	1	1	-1.47346
[601]	1	1	-1.45494
[602]	1	1	-1.47346
[603]	1	1	-1.45494
[604]	1	1	-1.57581
[605]	1	0	-14.7655
[606]	1	1	-1.45494
[607]	1	1	-1.45494
[608]	1	1	-1.45494
[609]	1	1	-1.47346
[610]	1	1	-1.57581
[611]	1	1	-1.47346
[612]	1	1	-1.45494
[613]	1	1	-1.47346
[614]	1	0	-6.36394
[615]	1	1	-1.47346
[616]	1	1	-1.76207
[617]	1	1	-1.57581
[618]	1	1	-1.57581
[619]	1	1	-1.45494
[620]	1	0	-6.42836
[621]	1	1	-1.76207
[622]	1	1	-1.76207
[623]	1	1	-1.57581
[624]	1	1	-1.76207
[625]	1	1	-1.57581
[626]	1	1	-1.47346
[627]	1	1	-1.45494
[628]	1	1	-1.47346
[629]	1	1	-1.45494
[630]	1	1	-1.57581
[631]	1	1	-1.76207
[632]	1	0	-6.7731
[633]	1	1	-1.57581
[634]	1	1	-1.57581
[635]	1	1	-1.57581
[636]	1	1	-1.47346
[637]	1	1	-1.57581
[638]	1	0	-18.19
[639]	1	1	-1.57581
[640]	1	1	-1.47346
[641]	1	1	-1.45494
[642]	1	1	-1.47346
[643]	1	1	-1.76207
[644]	1	1	-1.45494
[645]	1	1	-1.76207
[646]	1	1	-1.76207
[647]	1	1	-1.57581
[648]	1	1	-1.57581
[649]	1	1	-1.57581
[650]	1	1	-1.47346
[651]	1	1	-1.45494
[652]	1	0	-9.06933
[653]	1	0	-11.899
[654]	1	1	-1.45494
[655]	1	1	-1.45494
[656]	1	1	-1.76207
[657]	1	1	-1.45494
[658]	1	1	-1.57581
[659]	1	1	-1.57581
[660]	1	1	-1.47346
[661]	1	1	-1.57581
[662]	1	1	-1.45494
[663]	1	1	-1.57581
[664]	1	1	-1.57581
[665]	1	1	-1.47346
[666]	1	1	-1.45494
[667]	1	1	-1.57581
[668]	1	0	-21.5615
[669]	1	1	-1.45494
[670]	1	1	-1.47346
[671]	1	0	-7.07291
[672]	1	1	-1.47346
[673]	1	1	-1.76207
[674]	1	1	-1.47346
[675]	1	1	-1.47346
[676]	1	1	-1.57581
[677]	1	1	-1.57581
[678]	1	1	-1.47346
[679]	1	1	-1.47346
[680]	1	1	-1.45494
[681]	1	1	-1.57581
[682]	1	1	-1.47346
[683]	1	1	-1.57581
[684]	1	1	-1.47346
[685]	1	1	-1.45494
[686]	1	1	-1.57581
[687]	1	1	-1.47346
[688]	1	1	-1.76207
[689]	1	1	-1.45494
[690]	1	1	-1.45494
[691]	1	1	-1.47346
[692]	1	1	-1.57581
[693]	1	1	-1.57581
[694]	1	1	-1.76207
[695]	1	1	-1.45494
[696]	1	1	-1.47346
[697]	1	1	-1.45494
[698]	1	1	-1.57581
[699]	1	1	-1.76207
[700]	1	1	-1.47346
[701]	1	1	-1.76207
[702]	1	1	-1.45494
[703]	1	1	-1.57581
[704]	1	1	-1.57581
[705]	1	1	-1.57581
[706]	1	1	-1.76207
[707]	1	1	-1.45494
[708]	1	1	-1.45494
[709]	1	1	-1.47346
[710]	1	1	-1.45494
[711]	1	1	-1.47346
[712]	1	1	-1.57581
[713]	1	1	-1.76207
[714]	1	1	-1.45494
[715]	1	1	-1.76207
[716]	1	0	-13.2377
[717]	1	1	-1.57581
[718]	1	1	-1.76207
[719]	1	1	-1.57581
[720]	1	1	-1.47346
[721]	1	1	-1.47346
[722]	1	1	-1.57581
[723]	1	1	-1.47346
[724]	1	1	-1.47346
[725]	1	1	-1.45494
[726]	1	1	-1.57581
[727]	1	1	-1.47346
[728]	1	1	-1.45494
[729]	1	1	-1.76207
[730]	1	1	-1.76207
[731]	1	1	-1.57581
[732]	1	1	-1.57581
[733]	1	1	-1.57581
[734]	1	0	-7.3101
[735]	1	1	-1.47346
[736]	1	0	-8.54048
[737]	1	1	-1.57581
[738]	1	1	-1.47346
[739]	1	1	-1.45494
[740]	1	1	-1.57581
[741]	1	1	-1.57581
[742]	1	1	-1.57581
[743]	1	1	-1.57581
[744]	1	1	-1.57581
[745]	1	1	-1.47346
[746]	1	1	-1.45494
[747]	1	1	-1.45494
[748]	1	1	-1.47346
[749]	1	1	-1.76207
[750]	1	1	-1.45494
[751]	1	1	-1.76207
[752]	1	1	-1.45494
[753]	1	1	-1.57581
[754]	1	1	-1.76207
[755]	1	1	-1.76207
[756]	1	1	-1.45494
[757]	1	1	-1.45494
[758]	1	1	-1.76207
[759]	1	1	-1.45494
[760]	1	1	-1.47346
[761]	1	1	-1.47346
[762]	1	1	-1.57581
[763]	1	1	-1.76207
[764]	1	1	-1.57581
[765]	1	1	-1.57581
[766]	1	1	-1.47346
[767]	1	1	-1.45494
[768]	1	1	-1.76207
[769]	1	1	-1.76207
[770]	1	1	-1.76207
[771]	1	1	-1.45494
[772]	1	1	-1.57581
[773]	1	1	-1.76207
[774]	1	1	-1.76207
[775]	1	1	-1.76207
[776]	1	1	-1.76207
[777]	1	1	-1.45494
[778]	1	1	-1.76207
[779]	1	1	-1.45494
[780]	1	1	-1.76207
[781]	1	1	-1.45494
[782]	1	1	-1.57581
[783]	1	1	-1.76207
[784]	1	1	-1.76207
[785]	1	1	-1.57581
[786]	1	1	-1.57581
[787]	1	1	-1.76207
[788]	1	1	-1.45494
[789]	1	1	-1.57581
[790]	1	1	-1.76207
[791]	1	1	-1.45494
[792]	1	1	-1.45494
[793]	1	1	-1.45494
[794]	1	1	-1.45494
[795]	1	1	-1.47346
[796]	1	1	-1.47346
[797]	1	1	-1.76207
[798]	1	1	-1.45494
[799]	1	1	-1.76207
[800]	1	1	-1.45494
[801]	1	1	-1.76207
[802]	1	1	-1.47346
[803]	1	0	-24.5947
[804]	1	1	-1.45494
[805]	1	1	-1.47346
[806]	1	1	-1.45494
[807]	1	1	-1.45494
[808]	1	1	-1.57581
[809]	1	1	-1.47346
[810]	1	1	-1.76207
[811]	1	1	-1.76207
[812]	1	1	-1.76207
[813]	1	1	-1.45494
[814]	1	1	-1.47346
[815]	1	1	-1.45494
[816]	1	1	-1.57581
[817]	1	1	-1.47346
[818]	1	0	-7.80958
[819]	1	1	-1.76207
[820]	1	1	-1.45494
[821]	1	1	-1.45494
[822]	1	1	-1.47346
[823]	1	1	-1.47346
[824]	1	1	-1.45494
[825]	1	1	-1.57581
[826]	1	0	-12.6803
[827]	1	1	-1.45494
[828]	1	1	-1.57581
[829]	1	1	-1.76207
[830]	1	1	-1.57581
[831]	1	1	-1.57581
[832]	1	1	-1.76207
[833]	1	1	-1.45494
[834]	1	1	-1.47346
[835]	1	1	-1.47346
[836]	1	1	-1.57581
[837]	1	1	-1.57581
[838]	1	1	-1.76207
[839]	1	1	-1.57581
[840]	1	1	-1.57581
[841]	1	1	-1.76207
[842]	1	1	-1.45494
[843]	1	1	-1.76207
[844]	1	1	-1.45494
[845]	1	1	-1.57581
[846]	1	1	-1.57581
[847]	1	1	-1.45494
[848]	1	1	-1.45494
[849]	1	1	-1.76207
[850]	1	1	-1.57581
[851]	1	1	-1.47346
[852]	1	1	-1.45494
[853]	1	1	-1.47346
[854]	1	1	-1.47346
[855]	1	1	-1.45494
[856]	1	1	-1.57581
[857]	1	1	-1.47346
[858]	1	1	-1.45494
[859]	1	1	-1.57581
[860]	1	1	-1.57581
[861]	1	1	-1.47346
[862]	1	1	-1.76207
[863]	1	1	-1.45494
[864]	1	0	-7.03536
[865]	1	1	-1.76207
[866]	1	1	-1.45494
[867]	1	1	-1.47346
[868]	1	1	-1.47346
[869]	1	1	-1.45494
[870]	1	1	-1.57581
[871]	1	1	-1.47346
[872]	1	1	-1.57581
[873]	1	1	-1.57581
[874]	1	1	-1.47346
[875]	1	1	-1.57581
[876]	1	0	-5.28845
[877]	1	1	-1.57581
[878]	1	0	-6.8942
[879]	1	1	-1.57581
[880]	1	1	-1.76207
[881]	1	1	-1.57581
[882]	1	1	-1.76207
[883]	1	1	-1.47346
[884]	1	1	-1.57581
[885]	1	1	-1.47346
[886]	1	1	-1.76207
[887]	1	1	-1.57581
[888]	1	1	-1.47346
[889]	1	1	-1.47346
[890]	1	1	-1.57581
[891]	1	1	-1.57581
[892]	1	1	-1.76207
[893]	1	1	-1.57581
[894]	1	1	-1.47346
[895]	1	1	-1.76207
[896]	1	1	-1.57581
[897]	1	1	-1.76207
[898]	1	1	-1.57581
[899]	1	1	-1.57581
[900]	1	1	-1.47346
[901]	1	0	-8.85067
[902]	1	1	-1.57581
[903]	1	1	-1.57581
[904]	1	1	-1.76207
[905]	1	0	-6.34718
[906]	1	1	-1.76207
[907]	1	1	-1.47346
[908]	1	1	-1.57581
[909]	1	1	-1.57581
[910]	1	1	-1.47346
[911]	1	1	-1.57581
[912]	1	1	-1.57581
[913]	1	1	-1.47346
[914]	1	1	-1.45494
[915]	1	1	-1.57581
[916]	1	1	-1.76207
[917]	1	1	-1.76207
[918]	1	1	-1.45494
[919]	1	1	-1.45494
[920]	1	1	-1.76207
[921]	1	1	-1.45494
[922]	1	1	-1.47346
[923]	1	1	-1.45494
[924]	1	1	-1.47346
[925]	1	1	-1.76207
[926]	1	1	-1.57581
[927]	1	1	-1.57581
[928]	1	1	-1.57581
[929]	1	0	-18.1726
[930]	1	0	-8.38618
[931]	1	1	-1.57581
[932]	1	1	-1.76207
[933]	1	1	-1.45494
[934]	1	1	-1.47346
[935]	1	1	-1.57581
[936]	1	1	-1.76207
[937]	1	1	-1.76207
[938]	1	1	-1.57581
[939]	1	1	-1.76207
[940]	1	1	-1.76207
[941]	1	0	-12.4585
[942]	1	1	-1.45494
[943]	1	1	-1.76207
[944]	1	1	-1.47346
[945]	1	1	-1.45494
[946]	1	1	-1.47346
[947]	1	1	-1.57581
[948]	1	1	-1.47346
[949]	1	1	-1.76207
[950]	1	0	-5.42796
[951]	1	1	-1.45494
[952]	1	1	-1.76207
[953]	1	1	-1.57581
[954]	1	1	-1.76207
[955]	1	1	-1.57581
[956]	1	1	-1.57581
[957]	1	1	-1.57581
[958]	1	1	-1.47346
[959]	1	0	-5.65214
[960]	1	1	-1.45494
[961]	1	1	-1.47346
[962]	1	0	-6.83324
[963]	1	1	-1.47346
[964]	1	1	-1.47346
[965]	1	1	-1.57581
[966]	1	1	-1.76207
[967]	1	1	-1.76207
[968]	1	1	-1.57581
[969]	1	1	-1.57581
[970]	1	1	-1.76207
[971]	1	1	-1.57581
[972]	1	1	-1.47346
[973]	1	1	-1.57581
[974]	1	1	-1.57581
[975]	1	1	-1.47346
[976]	1	1	-1.45494
[977]	1	1	-1.57581
[978]	1	1	-1.47346
[979]	1	1	-1.57581
[980]	1	1	-1.57581
[981]	1	1	-1.76207
[982]	1	1	-1.76207
[983]	1	1	-1.47346
[984]	1	1	-1.57581
[985]	1	1	-1.47346
[986]	1	1	-1.45494
[987]	1	1	-1.45494
[988]	1	1	-1.76207
[989]	1	1	-1.76207
[990]	1	1	-1.76207
[991]	1	1	-1.76207
[992]	1	1	-1.57581
[993]	1	1	-1.76207
[994]	1	1	-1.76207
[995]	1	1	-1.76207
[996]	1	1	-1.76207
[997]	1	1	-1.57581
[998]	1	1	-1.57581
[999]	1	1	-1.76207
[1000]	1	1	-1.57581
[1001]	1	1	-1.76207
[1002]	1	1	-1.45494
[1003]	1	1	-1.57581
[1004]	1	1	-1.57581
[1005]	1	1	-1.76207
[1006]	1	1	-1.45494
[1007]	1	1	-1.57581
[1008]	1	1	-1.47346
[1009]	1	1	-1.45494
[1010]	1	1	-1.57581
[1011]	1	0	-16.0067
[1012]	1	1	-1.76207
[1013]	1	1	-1.76207
[1014]	1	1	-1.45494
[1015]	1	1	-1.57581
[1016]	1	1	-1.57581
[1017]	1	0	-6.61322
[1018]	1	1	-1.76207
[1019]	1	1	-1.45494
[1020]	1	1	-1.45494
[1021]	1	1	-1.47346
[1022]	1	1	-1.76207
[1023]	1	1	-1.45494
[1024]	1	1	-1.57581
[1025]	1	1	-1.57581
[1026]	1	1	-1.47346
[1027]	1	1	-1.57581
[1028]	1	1	-1.57581
[1029]	1	1	-1.57581
[1030]	1	1	-1.76207
[1031]	1	1	-1.45494
[1032]	1	1	-1.47346
[1033]	1	0	-6.36394
[1034]	1	0	-7.06826
[1035]	1	1	-1.47346
[1036]	1	1	-1.47346
[1037]	1	1	-1.45494
[1038]	1	1	-1.47346
[1039]	1	1	-1.47346
[1040]	1	1	-1.47346
[1041]	1	1	-1.45494
[1042]	1	1	-1.57581
[1043]	1	0	-5.42796
[1044]	1	1	-1.45494
[1045]	1	1	-1.47346
[1046]	1	1	-1.47346
[1047]	1	1	-1.47346
[1048]	1	1	-1.47346
[1049]	1	1	-1.45494
[1050]	1	1	-1.76207
[1051]	1	1	-1.76207
[1052]	1	1	-1.57581
[1053]	1	1	-1.57581
[1054]	1	1	-1.47346
[1055]	1	1	-1.47346
[1056]	1	1	-1.45494
[1057]	1	1	-1.57581
[1058]	1	1	-1.76207
[1059]	1	1	-1.57581
[1060]	1	1	-1.47346
[1061]	1	0	-6.42836
[1062]	1	1	-1.57581
[1063]	1	1	-1.76207
[1064]	1	1	-1.45494
[1065]	1	1	-1.47346
[1066]	1	1	-1.57581
[1067]	1	1	-1.57581
[1068]	1	1	-1.47346
[1069]	1	1	-1.47346
[1070]	1	1	-1.45494
[1071]	1	1	-1.47346
[1072]	1	1	-1.47346
[1073]	1	1	-1.45494
[1074]	1	1	-1.76207
[1075]	1	1	-1.76207
[1076]	1	1	-1.57581
[1077]	1	1	-1.57581
[1078]	1	1	-1.45494
[1079]	1	0	-5.94144
[1080]	1	1	-1.76207
[1081]	1	1	-1.45494
[1082]	1	1	-1.45494
[1083]	1	1	-1.45494
[1084]	1	1	-1.47346
[1085]	1	1	-1.57581
[1086]	1	1	-1.76207
[1087]	1	1	-1.76207
[1088]	1	1	-1.76207
[1089]	1	1	-1.45494
[1090]	1	1	-1.57581
[1091]	1	1	-1.76207
[1092]	1	1	-1.45494
[1093]	1	1	-1.57581
[1094]	1	0	-6.7731
[1095]	1	1	-1.45494
[1096]	1	1	-1.47346
[1097]	1	0	-11.044
[1098]	1	1	-1.57581
[1099]	1	1	-1.57581
[1100]	1	1	-1.76207
[1101]	1	1	-1.45494
[1102]	1	1	-1.47346
[1103]	1	1	-1.45494
[1104]	1	1	-1.45494
[1105]	1	1	-1.47346
[1106]	1	1	-1.57581
[1107]	1	1	-1.76207
[1108]	1	1	-1.45494
[1109]	1	1	-1.76207
[1110]	1	1	-1.45494
[1111]	1	1	-1.57581
[1112]	1	1	-1.57581
[1113]	1	1	-1.57581
[1114]	1	1	-1.57581
[1115]	1	0	-24.5402
[1116]	1	1	-1.45494
[1117]	1	1	-1.76207
[1118]	1	1	-1.45494
[1119]	1	1	-1.45494
[1120]	1	1	-1.76207
[1121]	1	1	-1.45494
[1122]	1	1	-1.45494
[1123]	1	1	-1.76207
[1124]	1	1	-1.45494
[1125]	1	1	-1.45494
[1126]	1	0	-7.46549
[1127]	1	1	-1.45494
[1128]	1	1	-1.57581
[1129]	1	1	-1.76207
[1130]	1	1	-1.57581
[1131]	1	1	-1.57581
[1132]	1	1	-1.57581
[1133]	1	1	-1.76207
[1134]	1	1	-1.45494
[1135]	1	1	-1.47346
[1136]	1	1	-1.45494
[1137]	1	1	-1.45494
[1138]	1	1	-1.45494
[1139]	1	1	-1.57581
[1140]	1	1	-1.47346
[1141]	1	0	-7.14334
[1142]	1	0	-13.5538
[1143]	1	1	-1.45494
[1144]	1	1	-1.47346
[1145]	1	1	-1.45494
[1146]	1	1	-1.47346
[1147]	1	0	-8.46554
[1148]	1	1	-1.45494
[1149]	1	1	-1.45494
[1150]	1	1	-1.45494
[1151]	1	1	-1.57581
