Step	HKY85.theta_1	HKY85.theta1_1	HKY85.theta2_1	T92.kappa_2	root.Full.theta_1	root.Full.theta1_1	root.Full.theta2_1	BrLen0_1	BrLen1_1	BrLen44_1	BrLen2_1	BrLen43_1	BrLen3_1	BrLen42_1	BrLen4_1	BrLen41_1	BrLen17_1	BrLen7_1	BrLen5_1	BrLen6_1	BrLen16_1	BrLen8_1	BrLen15_1	BrLen9_1	BrLen14_1	BrLen10_1	BrLen13_1	BrLen11_1	BrLen12_1	BrLen40_1	BrLen24_1	BrLen20_1	BrLen18_1	BrLen19_1	BrLen23_1	BrLen21_1	BrLen22_1	BrLen39_1	BrLen25_1	BrLen38_1	BrLen26_1	BrLen37_1	BrLen29_1	BrLen27_1	BrLen28_1	BrLen36_1	BrLen32_1	BrLen30_1	BrLen31_1	BrLen35_1	BrLen33_1	BrLen34_1	Function	Time
0	0.567564	0.517648	0.482985	1	0.5	0.5	0.5	1e-06	1e-06	1e-06	1e-06	1e-06	1e-06	1e-06	1e-06	1e-06	1e-06	1e-06	1e-06	1e-06	1e-06	1e-06	1e-06	1e-06	1e-06	1e-06	1e-06	1e-06	1e-06	1e-06	1e-06	1e-06	1e-06	1e-06	1e-06	1e-06	1e-06	1e-06	1e-06	1e-06	1e-06	1e-06	1e-06	1e-06	1e-06	1e-06	1e-06	1e-06	1e-06	1e-06	1e-06	1e-06	11162.54923762008547782898	0.00000000000000000000
1	0.3887	0.710371	0.383612	1.66427	0.526016	0.568123	0.536448	1.17733e-05	1.16846e-05	1.15287e-05	1.15567e-05	1.24345e-05	1.15673e-05	1.18706e-05	1.16386e-05	1.15924e-05	1.16418e-05	1.17667e-05	1.10815e-05	1.1319e-05	1.19398e-05	1.17383e-05	1.14457e-05	1.16924e-05	1.2475e-05	1.18039e-05	1.07894e-05	1.26549e-05	1.17744e-05	1.16218e-05	1.16434e-05	1.13184e-05	1.16328e-05	1.1298e-05	1.11846e-05	1.13349e-05	1.13183e-05	1.1798e-05	1.1797e-05	1.12991e-05	1.21144e-05	9.73182e-06	9.32982e-06	1.16542e-05	1.14311e-05	1e-12	1.24347e-05	1.12983e-05	1.12437e-05	1.13936e-05	1.07873e-05	1.04225e-05	9837.24816439567075576633	0.00000000000000000000
2	0.194351	0.795327	0.367864	2.14363	0.526174	0.56796	0.536589	2.61117e-05	2.58168e-05	2.51899e-05	2.5558e-05	2.73118e-05	2.5423e-05	2.76267e-05	2.58163e-05	2.5523e-05	2.56746e-05	2.61403e-05	2.38741e-05	2.46362e-05	2.72951e-05	2.60295e-05	2.50039e-05	2.5776e-05	2.98146e-05	2.6522e-05	2.29517e-05	2.99392e-05	2.67868e-05	2.55895e-05	2.59821e-05	2.46341e-05	2.58365e-05	2.49108e-05	2.48359e-05	2.4703e-05	2.46509e-05	2.6067e-05	2.58929e-05	2.56169e-05	2.66343e-05	2.20347e-05	1.87251e-05	2.52083e-05	2.53845e-05	1e-12	2.4947e-05	2.45881e-05	2.44164e-05	2.54397e-05	2.30052e-05	2.1902e-05	9384.65484043709875550121	0.00000000000000000000
3	0.125242	0.999999	0.31578	3.42515	0.526413	0.567721	0.536801	6.86952e-05	6.88545e-05	6.78862e-05	6.96337e-05	7.28765e-05	6.9357e-05	7.81351e-05	7.09316e-05	6.99119e-05	6.88896e-05	7.1018e-05	6.25739e-05	6.6053e-05	7.50828e-05	7.09543e-05	6.69279e-05	6.93805e-05	8.71868e-05	7.31716e-05	5.8485e-05	8.04239e-05	7.65545e-05	6.96901e-05	7.11196e-05	6.60437e-05	6.73881e-05	6.69159e-05	6.79383e-05	6.65702e-05	6.63479e-05	7.04444e-05	6.94753e-05	6.7021e-05	7.11778e-05	6.83736e-05	4.3125e-05	6.61082e-05	6.8364e-05	1e-12	5.39641e-05	6.60819e-05	6.53518e-05	6.80215e-05	5.9504e-05	5.50899e-05	9274.29453041403030510992	0.00000000000000000000
4	0.0626216	0.999989	0.15789	4.29946	0.525994	0.567194	0.537205	0.000113658	0.000113817	0.000115417	0.000114329	0.00012436	0.000118107	0.000135291	0.000116439	0.000115964	0.000108214	0.000114029	9.54085e-05	0.000104608	0.000112918	0.000114817	0.000105835	0.000108386	0.000125236	0.000108845	8.0665e-05	5.23334e-05	0.000107067	0.000114305	0.000116141	0.000105439	8.03821e-05	9.03161e-05	0.000108128	0.000108152	0.000107615	0.000112104	0.000111629	0.000102566	0.000114192	8.45173e-05	5.81208e-05	0.000104389	0.000110237	1e-12	6.99061e-05	0.000106974	0.000105221	0.000108268	9.16965e-05	8.20385e-05	8833.76633617244078777730	0.00000000000000000000
5	0.0313113	0.999968	0.0967164	5.55007	0.52632	0.567233	0.537189	0.000152304	0.000155557	0.00016642	0.000160347	0.000185636	0.000168343	0.000215306	0.000163101	0.000165	0.000144238	0.000156528	0.000108179	0.00013879	0.000143747	0.000158726	0.000141104	0.000143827	0.000153853	0.000139751	6.34182e-05	2.61667e-05	0.000132279	0.000161388	0.000163152	0.000140606	4.01911e-05	6.69623e-05	0.000146005	0.000148787	0.000147715	0.000154446	0.000154288	0.000135544	0.000158547	8.57203e-05	6.56839e-05	0.000140489	0.000151933	1e-12	7.52296e-05	0.000146431	0.000142882	0.000147689	0.000129336	0.000109196	8604.26757509159506298602	0.00000000000000000000
6	0.038196	0.999901	0.114937	8.44742	0.528835	0.565458	0.538691	0.000198376	0.00023627	0.000323066	0.000286271	0.000341046	0.000290664	0.000398656	0.000265886	0.000319114	0.000185746	0.000236837	0.000126467	0.00018162	8.16181e-05	0.000254638	0.000168225	0.00017578	6.04204e-05	0.000113569	1e-12	1e-12	5.69605e-05	0.000304102	0.000302298	0.000182311	1e-12	1e-12	0.000217694	0.00027284	0.000269755	0.000274648	0.000280649	0.000220722	0.000288439	3.22141e-05	5.16766e-05	0.000243033	0.000274767	1e-12	5.18045e-05	0.000266084	0.000256262	0.000259422	0.000211854	0.0001721	8432.85157308942871168256	0.00000000000000000000
7	0.0448073	0.999759	0.112127	8.46813	0.528567	0.565698	0.538584	0.00020782	0.00029735	0.000599745	0.000489091	0.000551068	0.000462418	0.00057771	0.000386009	0.000626832	0.000208384	0.000307583	0.000118095	0.00020647	1e-12	0.000362051	0.000187694	0.000193277	6.99667e-05	0.000165639	1e-12	1e-12	8.84922e-06	0.000558131	0.000534658	0.000204488	4.35608e-07	4.03714e-07	0.000237539	0.000484413	0.000474625	0.000447843	0.000487127	0.000295806	0.00049842	1e-12	3.74132e-05	0.000376204	0.000469104	1e-12	3.71789e-05	0.000463258	0.000433696	0.000413574	0.000289625	0.000218067	8211.21489139334880746901	0.00000000000000000000
8	0.054119	0.999548	0.113611	8.58791	0.528104	0.566129	0.53824	0.000207868	0.000324177	0.00101525	0.000769795	0.000717113	0.000658102	0.000609529	0.000497093	0.00121678	0.000259051	0.000386455	0.000136977	0.00023327	2.3495e-06	0.000485897	0.000249958	0.000216691	8.42019e-05	0.000200354	5.53368e-07	1e-12	1.26503e-05	0.000961885	0.000843508	0.000230389	1e-12	3.09965e-07	0.000246792	0.000794128	0.000766544	0.000642282	0.000762798	0.000341284	0.000774827	1e-12	3.74055e-05	0.000503815	0.000722477	1e-12	3.69292e-05	0.000736214	0.000659331	0.000575836	0.000338466	0.000238677	8069.74911188702390063554	0.00000000000000000000
9	0.068704	0.999104	0.119809	8.63813	0.527487	0.566688	0.537749	0.000206842	0.000345127	0.00149562	0.00111349	0.00078224	0.000857322	0.000605938	0.000601373	0.00228863	0.000280379	0.000439002	0.000149096	0.000271888	8.41663e-06	0.000591748	0.00028394	0.0002513	8.27044e-05	0.000184603	2.93682e-06	1e-12	2.08952e-05	0.00146696	0.00116002	0.000292634	8.64866e-08	3.45489e-06	0.000265095	0.0011535	0.00109134	0.000798534	0.00104403	0.000371659	0.00105058	1e-12	4.12909e-05	0.000591586	0.000970664	1e-12	4.03212e-05	0.00102764	0.00087297	0.000698221	0.00036902	0.00025513	7914.90170285274507477880	0.00000000000000000000
10	0.088326	0.998214	0.131378	22.5419	0.52703	0.567104	0.537368	0.000229483	0.0003962	0.00188929	0.00154634	0.000844483	0.00109223	0.000639951	0.000734942	0.00409581	0.000339177	0.0005379	0.000176344	0.00033451	2.06012e-05	0.00073212	0.000338212	0.000307841	9.15394e-05	0.00021059	8.91109e-06	1e-12	3.60008e-05	0.00196755	0.0014213	0.000345327	7.7249e-07	9.96144e-06	0.000288316	0.00148495	0.00138001	0.000922132	0.001279	0.00041346	0.00127653	1e-12	4.95303e-05	0.000666944	0.00117486	1e-12	4.77107e-05	0.00127894	0.00104616	0.00079973	0.00040851	0.00028067	7820.80298943254456389695	0.00000000000000000000
11	0.10189	0.997322	0.136837	11.271	0.526974	0.567153	0.537327	0.000232317	0.000406508	0.00183391	0.00171152	0.000812987	0.00115289	0.00060293	0.000760185	0.00529597	0.000354429	0.0005678	0.000181545	0.000353004	2.95409e-05	0.000771711	0.000350148	0.000324143	9.43911e-05	0.000215029	1.36288e-05	1e-12	4.54212e-05	0.00203183	0.00142092	0.000358839	1.32624e-06	1.42302e-05	0.000278269	0.00151107	0.00139505	0.000908248	0.00127961	0.000405601	0.00127149	1e-12	4.98452e-05	0.000652717	0.00117241	1e-12	4.6541e-05	0.0012861	0.00104082	0.000788457	0.000399749	0.000273982	7737.03304260291042737663	0.00000000000000000000
12	0.127965	0.994711	0.124701	9.30592	0.526764	0.567364	0.537126	0.000295796	0.00051209	0.00208757	0.00233813	0.000944105	0.00148548	0.000695844	0.000959656	0.00829156	0.000459421	0.000739047	0.000229506	0.000458917	5.71873e-05	0.00100164	0.000449357	0.00042052	0.000126331	0.000270627	2.93887e-05	1e-12	7.6143e-05	0.0024774	0.001684	0.000462168	5.71121e-06	2.84148e-05	0.000321741	0.00181432	0.00166702	0.00106796	0.00151805	0.00048064	0.00150321	1e-12	6.4239e-05	0.000761691	0.00139279	1e-12	5.96849e-05	0.00153004	0.00122923	0.00093167	0.000466839	0.000319085	7631.64961125310219358653	0.00000000000000000000
13	0.164397	0.989687	0.135453	8.921	0.52671	0.567426	0.537063	0.000367918	0.000631123	0.00239241	0.00305059	0.00110281	0.00185521	0.000794405	0.00118122	0.0117848	0.000577864	0.000935641	0.000281072	0.00057956	0.000100325	0.00126372	0.000559241	0.000530109	0.000200212	0.000332225	5.56575e-05	1e-12	0.000121167	0.00296448	0.00199522	0.000579755	1.50322e-05	4.89139e-05	0.000368899	0.00215692	0.0019785	0.0012608	0.00179741	0.000574655	0.00177265	1e-12	8.55796e-05	0.000890097	0.00165605	1e-12	7.84228e-05	0.00181112	0.00145126	0.00110871	0.000548181	0.000372684	7538.24883622289053164423	0.00000000000000000000
14	0.210315	0.980336	0.14058	8.57401	0.526625	0.567509	0.536983	0.000478186	0.000805028	0.0027171	0.00403639	0.00128051	0.0023888	0.000904065	0.00150976	0.0152515	0.000750716	0.00121871	0.000358007	0.00075361	0.000165536	0.00164179	0.000723135	0.000688411	0.000299431	0.000424749	9.91563e-05	5.05832e-07	0.000200268	0.00349654	0.00234427	0.000751626	3.35298e-05	8.1743e-05	0.00041633	0.00252897	0.00231837	0.00147462	0.00210447	0.000686936	0.0020616	1e-12	0.000113022	0.00102427	0.0019536	1e-12	9.81728e-05	0.00211763	0.00169485	0.00131313	0.000638392	0.000431922	7450.09350752767932135612	0.00000000000000000000
15	0.268988	0.963689	0.151946	8.17871	0.526565	0.567566	0.536926	0.000621411	0.00102872	0.0030911	0.00529862	0.00147543	0.00308005	0.00101522	0.00194179	0.0184673	0.000974639	0.00158324	0.000457683	0.000978482	0.000277598	0.00212867	0.000937666	0.000893206	0.000420379	0.000544643	0.000153157	3.31116e-06	0.000304455	0.00408133	0.00273826	0.000974374	6.61397e-05	0.000131116	0.000461138	0.00293704	0.00269179	0.00171129	0.00244284	0.000824922	0.00236675	1e-12	0.000179496	0.00115848	0.00229487	1e-12	0.000107173	0.00245399	0.00196278	0.00155272	0.000738295	0.000497695	7372.44849873002385720611	0.00000000000000000000
16	0.339414	0.936227	0.166183	7.91175	0.526497	0.567626	0.536867	0.000814672	0.00133155	0.00349878	0.00699069	0.00167863	0.00401355	0.00112701	0.00253369	0.021521	0.00127764	0.00206995	0.000592926	0.00128108	0.000441221	0.00277889	0.00123243	0.00116965	0.000570421	0.000707244	0.000248109	1.06731e-05	0.000433689	0.00472024	0.00317315	0.00127472	0.000120768	0.000219064	0.000499457	0.00337553	0.00309324	0.00196671	0.00280712	0.000996475	0.00266845	1e-12	0.000253883	0.00127365	0.00268385	1e-12	0.000142385	0.00281502	0.00225065	0.00183385	0.000846036	0.000568822	7305.69501533327274955809	0.00000000000000000000
17	0.413454	0.895065	0.188999	7.58477	0.526414	0.567696	0.536798	0.00105918	0.00172108	0.00388354	0.00915595	0.00184514	0.00520153	0.00121234	0.00329608	0.024252	0.00166376	0.00268105	0.000765343	0.00166596	0.000657179	0.00359598	0.00161484	0.00152231	0.00075249	0.000914434	0.000377144	2.54252e-05	0.000588325	0.0053394	0.00359351	0.00165714	0.000206692	0.000342609	0.000526694	0.0037916	0.00347412	0.00220932	0.00315293	0.00116775	0.00293999	1e-12	0.000312861	0.00137043	0.00306135	1e-12	1e-12	0.00315602	0.0025225	0.00210949	0.000948159	0.00063629	7253.32582536200061440468	0.00000000000000000000
18	0.464624	0.839619	0.224772	7.2608	0.52629	0.567801	0.536694	0.00134719	0.00219696	0.00415419	0.0117859	0.0018901	0.00662138	0.0012468	0.00421719	0.0261829	0.00212556	0.00339882	0.000971667	0.00212635	0.00091465	0.00455682	0.00208018	0.00194525	0.000964089	0.00116267	0.000531933	5.14091e-05	0.000764768	0.00581064	0.00391517	0.00211495	0.000342892	0.000483058	0.000527423	0.00409767	0.00375417	0.00238802	0.00340768	0.00133877	0.00307551	1e-12	0.000345748	0.00137627	0.00338742	1e-12	1e-12	0.00340658	0.00272285	0.00235997	0.00102296	0.000685654	7217.00235211141989566386	0.00000000000000000000
19	0.480591	0.771943	0.277749	6.96502	0.52614	0.567937	0.536561	0.00164316	0.00270589	0.00424495	0.0146427	0.00177271	0.00812719	0.00122233	0.00520574	0.0269254	0.00261407	0.0041483	0.00119025	0.00261537	0.00118298	0.00555764	0.0025785	0.00239679	0.00118283	0.00142701	0.000691506	9.29969e-05	0.000945008	0.00601517	0.00407879	0.00260177	0.000520144	0.000599388	0.000481553	0.0042235	0.00386917	0.00246113	0.00351239	0.00139917	0.00315612	1e-12	0.000356446	0.00140834	0.00350745	1e-12	1e-12	0.00350897	0.00280478	0.00245112	0.00105335	0.000705555	7192.33473391037841793150	0.00000000000000000000
20	0.484216	0.700256	0.342982	6.75284	0.52601	0.568061	0.53644	0.00192563	0.00318303	0.00424414	0.0174504	0.00163794	0.00957842	0.00118619	0.00617268	0.0270178	0.00308415	0.00486814	0.00140033	0.00308717	0.00143346	0.00650583	0.00305919	0.00283939	0.00138382	0.00168406	0.000835278	0.000154571	0.00110954	0.0060588	0.00415382	0.00307241	0.000710184	0.000663561	0.000421753	0.00424482	0.00388869	0.00247442	0.00353039	0.00140729	0.00317135	1e-12	0.000357776	0.00141457	0.0035263	1e-12	1e-12	0.00352639	0.00281881	0.00246519	0.00105839	0.000708772	7176.51969458455278072506	0.00000000000000000000
21	0.485207	0.640542	0.403706	6.6347	0.525912	0.568159	0.536345	0.00217145	0.00356322	0.00423092	0.0198548	0.00154043	0.0107981	0.00116539	0.00699936	0.027013	0.00348055	0.00547968	0.0015764	0.00348529	0.00164047	0.00728505	0.00346402	0.00322313	0.00153653	0.00190418	0.000948515	0.000254045	0.00123331	0.00607736	0.00419824	0.00347047	0.000873552	0.000697753	0.000387129	0.00424814	0.00389184	0.00247822	0.00353314	0.00140813	0.00317367	1e-12	0.000358008	0.00141552	0.00352886	1e-12	1e-12	0.00352889	0.00282086	0.00246709	0.00105913	0.000709238	7168.93459161525242961943	0.00000000000000000000
22	0.485547	0.606305	0.440951	6.58337	0.525852	0.568219	0.536287	0.00233281	0.00378427	0.00421756	0.0213834	0.00148131	0.0115518	0.0011538	0.00752406	0.0270046	0.00372668	0.00586862	0.00168474	0.00373435	0.00176893	0.0077462	0.00371624	0.00347321	0.00160622	0.0020462	0.0010159	0.000377908	0.00128024	0.00609277	0.00421835	0.00371991	0.000973443	0.00071737	0.000370719	0.00424915	0.00389284	0.00248067	0.00353385	0.00140829	0.00317423	1e-12	0.000358085	0.00141574	0.00352946	1e-12	1e-12	0.00352949	0.00282135	0.00246755	0.00105932	0.000709354	7166.87052407530427444726	0.00000000000000000000
23	0.485641	0.594032	0.454581	6.56747	0.525824	0.568247	0.53626	0.00240006	0.00386442	0.00420961	0.0219947	0.00145402	0.0118405	0.00114739	0.00773493	0.0270002	0.00382161	0.00602621	0.00172583	0.00383214	0.00181831	0.00790836	0.00381436	0.00357826	0.00160969	0.0021068	0.00104126	0.000479763	0.00125916	0.00610311	0.00422552	0.00381806	0.0010108	0.000724048	0.000364319	0.00424959	0.0038933	0.00248217	0.0035341	0.00140833	0.00317441	1e-12	0.000358113	0.00141581	0.00352966	1e-12	1e-12	0.00352968	0.00282151	0.0024677	0.00105938	0.000709393	7166.60094182356260716915	1.00000000000000000000
24	0.485584	0.590841	0.458129	6.56372	0.525816	0.568256	0.536251	0.00241769	0.00388284	0.00420712	0.0221477	0.00144497	0.0119098	0.00114478	0.00778879	0.0269986	0.00384449	0.00606701	0.00173552	0.0038563	0.00183032	0.00794235	0.00383833	0.00360747	0.00159992	0.00212647	0.00104727	0.000523774	0.0012288	0.00610766	0.00422762	0.00384239	0.00101954	0.000725286	0.000362357	0.00424977	0.00389348	0.00248274	0.00353416	0.00140834	0.00317446	1e-12	0.00035812	0.00141583	0.00352972	1e-12	1e-12	0.00352973	0.00282156	0.00246775	0.0010594	0.000709404	7166.58117248554481193423	1.00000000000000000000
25	0.485506	0.590101	0.458938	6.56285	0.525813	0.568259	0.536249	0.00242153	0.00388662	0.00420661	0.0221799	0.00144275	0.0119242	0.00114414	0.00780041	0.0269976	0.00384919	0.00607605	0.00173751	0.00386136	0.00183311	0.00794847	0.00384339	0.00361472	0.00159535	0.00213272	0.0010485	0.000534846	0.00121605	0.00610916	0.00422807	0.0038475	0.00102136	0.000725498	0.000361877	0.00424977	0.00389348	0.00248286	0.00353413	0.00140832	0.00317443	1e-12	0.000358116	0.00141581	0.00352968	1e-12	1e-12	0.0035297	0.00282153	0.00246772	0.00105939	0.000709397	7166.58014421637926716357	1.00000000000000000000
26	0.485476	0.589937	0.459118	6.56261	0.525813	0.568259	0.536248	0.00242233	0.00388741	0.00420648	0.0221865	0.00144228	0.0119272	0.00114396	0.00780286	0.026997	0.00385013	0.00607802	0.00173791	0.00386241	0.00183377	0.00794953	0.00384444	0.00361649	0.0015939	0.00213442	0.00104876	0.000537697	0.00121276	0.00610953	0.00422812	0.00384856	0.00102176	0.00072553	0.000361761	0.00424972	0.00389344	0.00248286	0.00353408	0.0014083	0.00317439	1e-12	0.000358111	0.00141579	0.00352963	1e-12	1e-12	0.00352965	0.00282149	0.00246768	0.00105938	0.000709387	7166.58012469370441976935	1.00000000000000000000
27	0.485475	0.589932	0.459124	6.5626	0.525813	0.568259	0.536248	0.00242235	0.00388743	0.00420648	0.0221866	0.00144226	0.0119273	0.00114396	0.00780293	0.026997	0.00385016	0.00607808	0.00173793	0.00386244	0.00183379	0.00794956	0.00384447	0.00361654	0.00159385	0.00213447	0.00104877	0.000537783	0.00121265	0.00610954	0.00422812	0.00384859	0.00102177	0.00072553	0.000361758	0.00424972	0.00389343	0.00248285	0.00353408	0.0014083	0.00317439	1e-12	0.000358111	0.00141579	0.00352963	1e-12	1e-12	0.00352965	0.00282149	0.00246768	0.00105938	0.000709387	7166.58012533502187579870	1.00000000000000000000
